,ecg
1607091297.3611,4686.0
1607091297.3638,5396.0
1607091297.3663,6021.0
1607091297.3688,6437.0
1607091297.3708,6856.0
1607091297.3728,7255.0
1607091297.3749,7558.0
1607091297.3768,7842.0
1607091297.3788,8125.0
1607091297.3807,8359.0
1607091297.3828,8570.0
1607091297.3848,8801.0
1607091297.3868,9010.0
1607091297.3888,9167.0
1607091297.3908,9313.0
1607091297.3928,9462.0
1607091297.3947,9583.0
1607091297.3969,9693.0
1607091297.3988,9809.0
1607091297.4008,9922.0
1607091297.4028,10025.0
1607091297.4048,10116.0
1607091297.4068,10196.0
1607091297.4088,10275.0
1607091297.4108,10338.0
1607091297.4128,10403.0
1607091297.4147,10590.0
1607091297.4168,10948.0
1607091297.4187,11309.0
1607091297.4207,11328.0
1607091297.4228,10850.0
1607091297.4247,10448.0
1607091297.4267,10595.0
1607091297.4287,10780.0
1607091297.4307,10691.0
1607091297.4327,10684.0
1607091297.4347,10763.0
1607091297.4367,10746.0
1607091297.4387,10732.0
1607091297.4407,10763.0
1607091297.4427,10763.0
1607091297.4447,10754.0
1607091297.4467,10749.0
1607091297.4487,10732.0
1607091297.4507,10720.0
1607091297.4527,10703.0
1607091297.4547,10679.0
1607091297.4566,10658.0
1607091297.4586,10629.0
1607091297.4607,10595.0
1607091297.4629,10571.0
1607091297.4647,10547.0
1607091297.4667,10508.0
1607091297.4686,10470.0
1607091297.4707,10441.0
1607091297.4727,10412.0
1607091297.4747,10376.0
1607091297.4767,10338.0
1607091297.4787,10304.0
1607091297.4806,10270.0
1607091297.4826,10229.0
1607091297.4846,10184.0
1607091297.4866,10148.0
1607091297.4886,10104.0
1607091297.4906,10039.0
1607091297.4926,9970.0
1607091297.4947,9898.0
1607091297.4967,9804.0
1607091297.4986,9700.0
1607091297.5006,9595.0
1607091297.5026,9496.0
1607091297.5046,9409.0
1607091297.5066,9318.0
1607091297.8996,9236.0
1607091297.9005,9171.0
1607091297.9022,9104.0
1607091297.9042,9029.0
1607091297.9062,8955.0
1607091297.9082,8888.0
1607091297.9102,8825.0
1607091297.9123,8758.0
1607091297.9142,8693.0
1607091297.9163,8637.0
1607091297.9182,8570.0
1607091297.9202,8474.0
1607091297.9222,8407.0
1607091297.9242,8359.0
1607091297.9262,8279.0
1607091297.9282,8195.0
1607091297.9302,8132.0
1607091297.9321,8070.0
1607091297.9341,7995.0
1607091297.9362,7926.0
1607091297.9382,7858.0
1607091297.9401,7784.0
1607091297.9421,7709.0
1607091297.9442,7637.0
1607091297.9462,7570.0
1607091297.9481,7502.0
1607091297.9502,7428.0
1607091297.9521,7353.0
1607091297.9543,7286.0
1607091297.9561,7219.0
1607091297.9583,7144.0
1607091297.9601,7077.0
1607091297.9622,7009.0
1607091297.9641,6942.0
1607091297.9662,6882.0
1607091297.9681,6805.0
1607091297.9701,6726.0
1607091297.9721,6663.0
1607091297.9741,6596.0
1607091297.9762,6524.0
1607091297.9782,6461.0
1607091297.9801,6396.0
1607091297.9821,6326.0
1607091297.9841,6264.0
1607091297.9862,6204.0
1607091297.9881,6137.0
1607091297.9901,6069.0
1607091297.9921,6009.0
1607091297.9942,5949.0
1607091297.9962,5882.0
1607091297.9981,5817.0
1607091298.0001,5757.0
1607091298.0021,5699.0
1607091298.0041,5639.0
1607091298.0061,5574.0
1607091298.0081,5516.0
1607091298.0102,5456.0
1607091298.0121,5391.0
1607091298.0141,5329.0
1607091298.0161,5273.0
1607091298.0181,5215.0
1607091298.0201,5155.0
1607091298.0221,5102.0
1607091298.0241,5064.0
1607091298.0262,5026.0
1607091298.0282,4968.0
1607091298.0301,4905.0
1607091298.0321,4848.0
1607091298.0341,4778.0
1607091298.0361,4708.0
1607091298.0381,4658.0
1607091298.0401,4609.0
1607091298.0421,4559.0
1607091298.47,4504.0
1607091298.4709,4453.0
1607091298.4734,4400.0
1607091298.476,4335.0
1607091298.4781,4290.0
1607091298.4801,4376.0
1607091298.4823,4638.0
1607091298.484,4898.0
1607091298.486,4807.0
1607091298.488,4251.0
1607091298.49,3789.0
1607091298.492,3847.0
1607091298.4941,3946.0
1607091298.496,3801.0
1607091298.4979,3729.0
1607091298.4999,3749.0
1607091298.5019,3688.0
1607091298.5039,3628.0
1607091298.506,3616.0
1607091298.5079,3575.0
1607091298.5101,3525.0
1607091298.512,3494.0
1607091298.514,3462.0
1607091298.516,3422.0
1607091298.5179,3385.0
1607091298.5199,3354.0
1607091298.5219,3318.0
1607091298.5239,3275.0
1607091298.526,3234.0
1607091298.528,3207.0
1607091298.5299,3181.0
1607091298.5319,3145.0
1607091298.5339,3114.0
1607091298.5359,3090.0
1607091298.5379,3066.0
1607091298.5399,3037.0
1607091298.5419,3010.0
1607091298.544,2989.0
1607091298.546,2972.0
1607091298.5479,2953.0
1607091298.5499,2929.0
1607091298.5519,2907.0
1607091298.5539,2885.0
1607091298.556,2852.0
1607091298.5579,2808.0
1607091298.5599,2760.0
1607091298.562,2695.0
1607091298.564,2623.0
1607091298.566,2558.0
1607091298.5679,2500.0
1607091298.5699,2445.0
1607091298.5719,2399.0
1607091298.5739,2361.0
1607091298.5759,2332.0
1607091298.578,2301.0
1607091298.5799,2272.0
1607091298.582,2248.0
1607091298.5841,2226.0
1607091298.586,2197.0
1607091298.5879,2169.0
1607091298.5899,2147.0
1607091298.5919,2123.0
1607091298.594,2096.0
1607091298.596,2077.0
1607091298.5979,2058.0
1607091298.5999,2039.0
1607091298.6019,2017.0
1607091298.6039,1993.0
1607091298.606,1971.0
1607091298.6079,1952.0
1607091298.6099,1931.0
1607091298.612,1909.0
1607091298.6139,1887.0
1607091299.0091,1866.0
1607091299.01,1842.0
1607091299.0111,1820.0
1607091299.0131,1798.0
1607091299.0151,1779.0
1607091299.017,1757.0
1607091299.019,1736.0
1607091299.0211,1719.0
1607091299.023,1697.0
1607091299.025,1666.0
1607091299.027,1647.0
1607091299.029,1635.0
1607091299.031,1613.0
1607091299.033,1591.0
1607091299.0351,1577.0
1607091299.0369,1565.0
1607091299.0389,1546.0
1607091299.0409,1527.0
1607091299.0429,1510.0
1607091299.045,1490.0
1607091299.0469,1469.0
1607091299.0489,1450.0
1607091299.051,1438.0
1607091299.0529,1426.0
1607091299.0549,1406.0
1607091299.0569,1389.0
1607091299.0589,1377.0
1607091299.061,1365.0
1607091299.063,1349.0
1607091299.0649,1334.0
1607091299.0669,1322.0
1607091299.0691,1308.0
1607091299.0709,1291.0
1607091299.0729,1276.0
1607091299.0749,1267.0
1607091299.0771,1255.0
1607091299.079,1238.0
1607091299.0809,1221.0
1607091299.0829,1212.0
1607091299.0849,1199.0
1607091299.0869,1185.0
1607091299.0889,1171.0
1607091299.0909,1161.0
1607091299.0929,1147.0
1607091299.0951,1130.0
1607091299.0969,1113.0
1607091299.0989,1101.0
1607091299.1009,1089.0
1607091299.1029,1082.0
1607091299.1049,1091.0
1607091299.1069,1094.0
1607091299.1089,1079.0
1607091299.111,1058.0
1607091299.113,1036.0
1607091299.1149,1017.0
1607091299.117,1000.0
1607091299.119,990.0
1607091299.1209,981.0
1607091299.1229,969.0
1607091299.1249,959.0
1607091299.127,949.0
1607091299.129,937.0
1607091299.1309,911.0
1607091299.1329,906.0
1607091299.1349,1022.0
1607091299.1369,1305.0
1607091299.139,1611.0
1607091299.141,1608.0
1607091299.1431,1125.0
1607091299.145,675.0
1607091299.1469,740.0
1607091299.1489,877.0
1607091299.1509,769.0
1607091299.5799,723.0
1607091299.5808,781.0
1607091299.5821,759.0
1607091299.5841,735.0
1607091299.5861,752.0
1607091299.5881,745.0
1607091299.5901,721.0
1607091299.5921,723.0
1607091299.5942,726.0
1607091299.5962,714.0
1607091299.5981,707.0
1607091299.6001,709.0
1607091299.6021,704.0
1607091299.6043,697.0
1607091299.6061,694.0
1607091299.608,694.0
1607091299.6101,694.0
1607091299.6121,694.0
1607091299.6141,694.0
1607091299.616,699.0
1607091299.618,702.0
1607091299.62,707.0
1607091299.622,711.0
1607091299.624,719.0
1607091299.6261,723.0
1607091299.6281,728.0
1607091299.6301,735.0
1607091299.632,743.0
1607091299.634,745.0
1607091299.636,740.0
1607091299.638,728.0
1607091299.64,707.0
1607091299.642,670.0
1607091299.6442,625.0
1607091299.6461,586.0
1607091299.648,553.0
1607091299.65,526.0
1607091299.652,505.0
1607091299.6541,492.0
1607091299.6561,483.0
1607091299.658,473.0
1607091299.6601,466.0
1607091299.6621,464.0
1607091299.664,464.0
1607091299.6661,461.0
1607091299.668,461.0
1607091299.6701,459.0
1607091299.672,456.0
1607091299.674,454.0
1607091299.676,449.0
1607091299.6781,449.0
1607091299.68,449.0
1607091299.682,449.0
1607091299.684,444.0
1607091299.686,442.0
1607091299.688,442.0
1607091299.69,440.0
1607091299.692,437.0
1607091299.6941,435.0
1607091299.6961,430.0
1607091299.698,425.0
1607091299.7,423.0
1607091299.702,423.0
1607091299.704,418.0
1607091299.7062,413.0
1607091299.7081,411.0
1607091299.71,408.0
1607091299.7121,406.0
1607091299.714,404.0
1607091299.7161,401.0
1607091299.718,399.0
1607091299.72,396.0
1607091299.722,391.0
1607091300.1196,389.0
1607091300.1205,387.0
1607091300.123,387.0
1607091300.1257,384.0
1607091300.1276,377.0
1607091300.1296,372.0
1607091300.1316,363.0
1607091300.1335,353.0
1607091300.1355,348.0
1607091300.1375,351.0
1607091300.1395,348.0
1607091300.1415,346.0
1607091300.1435,348.0
1607091300.1456,348.0
1607091300.1475,346.0
1607091300.1495,343.0
1607091300.1515,343.0
1607091300.1535,341.0
1607091300.1555,341.0
1607091300.1575,339.0
1607091300.1595,339.0
1607091300.1616,336.0
1607091300.1635,334.0
1607091300.1655,331.0
1607091300.1675,331.0
1607091300.1695,331.0
1607091300.1715,329.0
1607091300.1735,327.0
1607091300.1756,327.0
1607091300.1776,324.0
1607091300.1795,322.0
1607091300.1815,319.0
1607091300.1835,315.0
1607091300.1854,315.0
1607091300.1875,312.0
1607091300.1894,307.0
1607091300.1915,307.0
1607091300.1935,305.0
1607091300.1956,300.0
1607091300.1975,295.0
1607091300.1994,293.0
1607091300.2014,303.0
1607091300.2036,322.0
1607091300.2056,334.0
1607091300.2075,329.0
1607091300.2094,319.0
1607091300.2116,303.0
1607091300.2135,290.0
1607091300.2155,286.0
1607091300.2174,286.0
1607091300.2195,283.0
1607091300.2215,283.0
1607091300.2235,283.0
1607091300.2255,281.0
1607091300.2276,276.0
1607091300.2295,259.0
1607091300.2315,262.0
1607091300.2335,372.0
1607091300.2354,649.0
1607091300.2375,969.0
1607091300.2395,1007.0
1607091300.2414,555.0
1607091300.2434,86.0
1607091300.2456,129.0
1607091300.2475,286.0
1607091300.2495,192.0
1607091300.2515,146.0
1607091300.2534,214.0
1607091300.2555,204.0
1607091300.2575,177.0
1607091300.2595,202.0
1607091300.2616,206.0
1607091300.2635,194.0
1607091300.7195,202.0
1607091300.7208,214.0
1607091300.7233,216.0
1607091300.7259,214.0
1607091300.7279,209.0
1607091300.7299,206.0
1607091300.732,216.0
1607091300.7338,228.0
1607091300.7358,228.0
1607091300.7377,230.0
1607091300.7397,238.0
1607091300.7417,245.0
1607091300.7438,252.0
1607091300.7459,262.0
1607091300.7477,269.0
1607091300.7497,276.0
1607091300.7517,288.0
1607091300.7537,307.0
1607091300.7558,322.0
1607091300.7577,331.0
1607091300.7599,341.0
1607091300.7618,348.0
1607091300.7637,353.0
1607091300.7657,343.0
1607091300.7677,322.0
1607091300.7697,293.0
1607091300.7717,257.0
1607091300.7737,221.0
1607091300.7757,189.0
1607091300.7778,168.0
1607091300.7797,151.0
1607091300.7817,137.0
1607091300.7837,129.0
1607091300.7857,127.0
1607091300.7877,127.0
1607091300.7897,127.0
1607091300.7917,127.0
1607091300.7937,129.0
1607091300.7958,132.0
1607091300.7977,132.0
1607091300.7997,137.0
1607091300.8017,141.0
1607091300.8037,141.0
1607091300.8057,144.0
1607091300.8077,151.0
1607091300.8097,153.0
1607091300.8118,153.0
1607091300.8137,158.0
1607091300.8158,161.0
1607091300.8177,163.0
1607091300.8197,165.0
1607091300.8217,163.0
1607091300.8237,165.0
1607091300.8257,165.0
1607091300.8278,165.0
1607091300.8297,163.0
1607091300.8317,161.0
1607091300.8337,158.0
1607091300.8357,161.0
1607091300.8377,161.0
1607091300.8397,165.0
1607091300.8417,168.0
1607091300.8438,165.0
1607091300.8458,163.0
1607091300.8478,158.0
1607091300.8497,158.0
1607091300.8517,163.0
1607091300.8537,165.0
1607091300.8557,161.0
1607091300.8577,158.0
1607091300.8597,163.0
1607091300.862,168.0
1607091300.8638,168.0
1607091301.3497,168.0
1607091301.3506,168.0
1607091301.3531,165.0
1607091301.3558,165.0
1607091301.3577,170.0
1607091301.3597,170.0
1607091301.3618,173.0
1607091301.3638,175.0
1607091301.3657,170.0
1607091301.3676,158.0
1607091301.3696,153.0
1607091301.3716,161.0
1607091301.3736,161.0
1607091301.3756,156.0
1607091301.3777,156.0
1607091301.3797,158.0
1607091301.3816,161.0
1607091301.3836,161.0
1607091301.3856,163.0
1607091301.3876,168.0
1607091301.3896,168.0
1607091301.3916,161.0
1607091301.3936,163.0
1607091301.3959,168.0
1607091301.3976,168.0
1607091301.3996,163.0
1607091301.4016,163.0
1607091301.4036,165.0
1607091301.4056,168.0
1607091301.4076,170.0
1607091301.4096,173.0
1607091301.4117,170.0
1607091301.4136,163.0
1607091301.4156,161.0
1607091301.4176,163.0
1607091301.4196,163.0
1607091301.4216,168.0
1607091301.4236,189.0
1607091301.4256,199.0
1607091301.4277,194.0
1607091301.4296,187.0
1607091301.4316,175.0
1607091301.4336,165.0
1607091301.4356,163.0
1607091301.4376,163.0
1607091301.4396,161.0
1607091301.4416,158.0
1607091301.4437,161.0
1607091301.4457,161.0
1607091301.4477,153.0
1607091301.4496,137.0
1607091301.4516,149.0
1607091301.4536,283.0
1607091301.4556,589.0
1607091301.4576,901.0
1607091301.4596,851.0
1607091301.4617,307.0
1607091301.4636,-113.0
1607091301.4656,26.0
1607091301.4676,177.0
1607091301.4696,67.0
1607091301.4716,52.0
1607091301.4736,117.0
1607091301.4756,96.0
1607091301.4777,81.0
1607091301.4796,110.0
1607091301.4816,115.0
1607091301.4836,105.0
1607091301.4856,113.0
1607091301.4876,120.0
1607091301.4896,120.0
1607091301.4916,125.0
1607091301.4937,129.0
1607091301.8582,134.0
1607091301.8591,139.0
1607091301.8616,141.0
1607091301.8642,144.0
1607091301.8662,149.0
1607091301.8681,153.0
1607091301.8701,158.0
1607091301.8721,165.0
1607091301.8741,177.0
1607091301.8762,187.0
1607091301.8782,192.0
1607091301.8801,202.0
1607091301.8821,221.0
1607091301.8841,235.0
1607091301.8862,240.0
1607091301.8881,242.0
1607091301.8901,254.0
1607091301.8921,257.0
1607091301.8942,242.0
1607091301.8961,216.0
1607091301.8981,187.0
1607091301.9001,146.0
1607091301.9021,103.0
1607091301.9028,72.0
1607091301.9051,52.0
1607091301.9071,33.0
1607091301.9091,24.0
1607091301.9114,21.0
1607091301.9132,21.0
1607091301.9151,24.0
1607091301.9171,24.0
1607091301.9191,28.0
1607091301.9211,31.0
1607091301.9231,36.0
1607091301.9251,43.0
1607091301.9271,48.0
1607091301.9292,52.0
1607091301.9311,55.0
1607091301.9331,57.0
1607091301.9338,64.0
1607091301.9361,69.0
1607091301.9381,74.0
1607091301.9401,79.0
1607091301.9421,81.0
1607091301.9443,84.0
1607091301.9462,84.0
1607091301.9481,86.0
1607091301.9501,88.0
1607091301.9521,86.0
1607091301.9541,84.0
1607091301.9562,84.0
1607091301.9581,86.0
1607091301.9601,88.0
1607091301.9621,88.0
1607091301.9627,88.0
1607091301.9642,88.0
1607091301.9662,91.0
1607091301.9682,93.0
1607091301.9702,96.0
1607091301.9722,98.0
1607091301.9742,98.0
1607091301.9761,96.0
1607091301.9782,98.0
1607091301.9801,103.0
1607091301.9821,103.0
1607091301.9841,105.0
1607091301.9861,105.0
1607091301.9881,108.0
1607091301.9901,108.0
1607091301.9921,105.0
1607091301.9928,105.0
1607091301.9952,110.0
1607091301.9971,110.0
1607091302.3698,108.0
1607091302.3707,110.0
1607091302.3732,110.0
1607091302.3758,110.0
1607091302.3779,113.0
1607091302.3801,115.0
1607091302.3819,113.0
1607091302.3838,108.0
1607091302.3857,101.0
1607091302.3877,101.0
1607091302.3897,103.0
1607091302.3904,101.0
1607091302.3927,96.0
1607091302.3948,98.0
1607091302.3967,103.0
1607091302.3987,103.0
1607091302.4007,103.0
1607091302.4026,103.0
1607091302.4047,103.0
1607091302.4067,105.0
1607091302.4087,105.0
1607091302.4108,108.0
1607091302.4127,110.0
1607091302.4147,108.0
1607091302.4167,108.0
1607091302.4187,110.0
1607091302.4207,113.0
1607091302.4214,110.0
1607091302.4237,108.0
1607091302.4257,108.0
1607091302.4278,105.0
1607091302.4297,103.0
1607091302.4317,101.0
1607091302.4337,98.0
1607091302.4357,103.0
1607091302.4377,120.0
1607091302.4397,137.0
1607091302.4417,141.0
1607091302.4438,137.0
1607091302.4458,127.0
1607091302.4477,115.0
1607091302.4497,108.0
1607091302.4517,103.0
1607091302.4524,98.0
1607091302.4547,101.0
1607091302.4567,103.0
1607091302.4587,103.0
1607091302.4608,101.0
1607091302.4627,86.0
1607091302.4647,74.0
1607091302.4667,149.0
1607091302.4687,391.0
1607091302.4707,728.0
1607091302.4727,884.0
1607091302.4747,553.0
1607091302.4766,7.0
1607091302.4789,-91.0
1607091302.4808,108.0
1607091302.4827,72.0
1607091302.4834,-21.0
1607091302.4857,28.0
1607091302.4877,50.0
1607091302.4897,21.0
1607091302.4917,36.0
1607091302.4937,55.0
1607091302.4958,50.0
1607091302.4977,52.0
1607091302.4997,62.0
1607091302.5017,67.0
1607091302.5037,72.0
1607091302.5057,76.0
1607091302.5077,79.0
1607091302.5098,81.0
1607091303.0285,84.0
1607091303.0299,86.0
1607091303.0323,93.0
1607091303.035,101.0
1607091303.0369,103.0
1607091303.0389,101.0
1607091303.041,108.0
1607091303.0429,125.0
1607091303.045,137.0
1607091303.0469,146.0
1607091303.0488,161.0
1607091303.0509,175.0
1607091303.0528,189.0
1607091303.0549,202.0
1607091303.0568,214.0
1607091303.0588,218.0
1607091303.0609,216.0
1607091303.0615,204.0
1607091303.0638,182.0
1607091303.0658,149.0
1607091303.0678,108.0
1607091303.0698,76.0
1607091303.0718,52.0
1607091303.0738,31.0
1607091303.076,19.0
1607091303.0779,12.0
1607091303.0798,9.0
1607091303.0818,12.0
1607091303.0838,12.0
1607091303.0858,14.0
1607091303.0878,19.0
1607091303.0898,24.0
1607091303.0905,26.0
1607091303.0928,31.0
1607091303.0951,36.0
1607091303.0968,36.0
1607091303.0988,33.0
1607091303.1008,40.0
1607091303.1028,50.0
1607091303.1048,52.0
1607091303.1068,52.0
1607091303.1088,55.0
1607091303.1108,60.0
1607091303.1128,62.0
1607091303.1148,64.0
1607091303.1168,67.0
1607091303.1188,69.0
1607091303.1208,69.0
1607091303.1215,69.0
1607091303.1238,69.0
1607091303.1258,69.0
1607091303.128,67.0
1607091303.1298,67.0
1607091303.1318,69.0
1607091303.1338,69.0
1607091303.1358,69.0
1607091303.1378,74.0
1607091303.1398,76.0
1607091303.1418,76.0
1607091303.1438,76.0
1607091303.1459,76.0
1607091303.1478,79.0
1607091303.1498,81.0
1607091303.1518,84.0
1607091303.1525,84.0
1607091303.1548,84.0
1607091303.1568,86.0
1607091303.1588,86.0
1607091303.1609,86.0
1607091303.1629,86.0
1607091303.1648,86.0
1607091303.1668,86.0
1607091303.1688,86.0
1607091303.4794,91.0
1607091303.4802,91.0
1607091303.4827,91.0
1607091303.4853,91.0
1607091303.4873,91.0
1607091303.488,88.0
1607091303.4903,79.0
1607091303.4922,79.0
1607091303.4943,84.0
1607091303.4962,84.0
1607091303.4981,79.0
1607091303.5001,74.0
1607091303.5023,81.0
1607091303.5042,81.0
1607091303.5062,76.0
1607091303.5081,74.0
1607091303.5102,79.0
1607091303.5122,76.0
1607091303.5141,69.0
1607091303.5162,72.0
1607091303.5181,76.0
1607091303.5201,76.0
1607091303.5221,74.0
1607091303.5241,76.0
1607091303.5262,79.0
1607091303.5282,79.0
1607091303.5301,79.0
1607091303.5321,76.0
1607091303.5341,72.0
1607091303.5361,72.0
1607091303.5381,76.0
1607091303.5402,79.0
1607091303.5422,81.0
1607091303.5442,79.0
1607091303.5462,74.0
1607091303.5481,74.0
1607091303.5501,76.0
1607091303.5521,72.0
1607091303.5541,72.0
1607091303.5562,72.0
1607091303.5581,84.0
1607091303.5602,103.0
1607091303.5622,110.0
1607091303.5642,105.0
1607091303.5662,101.0
1607091303.5682,88.0
1607091303.5701,74.0
1607091303.5721,74.0
1607091303.5742,79.0
1607091303.5762,76.0
1607091303.5782,79.0
1607091303.5801,81.0
1607091303.5822,81.0
1607091303.5841,76.0
1607091303.5861,62.0
1607091303.5881,74.0
1607091303.5901,216.0
1607091303.5921,514.0
1607091303.5942,810.0
1607091303.5962,769.0
1607091303.5981,271.0
1607091303.6001,-122.0
1607091303.6021,-21.0
1607091303.6043,96.0
1607091303.6063,-12.0
1607091303.6081,-28.0
1607091303.6102,33.0
1607091303.6122,16.0
1607091303.6141,2.0
1607091303.6161,26.0
1607091303.6181,28.0
1607091303.6201,26.0
1607091303.6222,38.0
1607091304.0798,45.0
1607091304.0807,43.0
1607091304.0832,45.0
1607091304.0859,48.0
1607091304.0878,45.0
1607091304.0898,52.0
1607091304.0919,62.0
1607091304.0939,64.0
1607091304.0959,72.0
1607091304.0979,81.0
1607091304.0998,88.0
1607091304.1018,96.0
1607091304.1039,105.0
1607091304.1059,117.0
1607091304.1078,129.0
1607091304.1099,141.0
1607091304.1119,156.0
1607091304.1138,173.0
1607091304.1159,187.0
1607091304.1178,197.0
1607091304.1198,199.0
1607091304.1218,199.0
1607091304.1238,197.0
1607091304.1259,187.0
1607091304.1279,161.0
1607091304.1299,127.0
1607091304.1317,91.0
1607091304.1338,57.0
1607091304.1357,33.0
1607091304.1377,19.0
1607091304.1398,7.0
1607091304.1417,2.0
1607091304.1438,0.0
1607091304.1459,-2.0
1607091304.1477,-2.0
1607091304.1497,2.0
1607091304.1517,7.0
1607091304.1537,9.0
1607091304.1558,12.0
1607091304.1577,16.0
1607091304.1597,24.0
1607091304.162,28.0
1607091304.1638,31.0
1607091304.1658,36.0
1607091304.1677,40.0
1607091304.1698,40.0
1607091304.1717,43.0
1607091304.1737,48.0
1607091304.1758,52.0
1607091304.1778,57.0
1607091304.1797,57.0
1607091304.1817,55.0
1607091304.1837,57.0
1607091304.1857,60.0
1607091304.1877,57.0
1607091304.1897,57.0
1607091304.1917,60.0
1607091304.1938,60.0
1607091304.1958,60.0
1607091304.1977,62.0
1607091304.1997,62.0
1607091304.2017,64.0
1607091304.2037,64.0
1607091304.2058,64.0
1607091304.2077,67.0
1607091304.2098,67.0
1607091304.2118,64.0
1607091304.2137,64.0
1607091304.2158,67.0
1607091304.2177,69.0
1607091304.2197,69.0
1607091304.2217,69.0
1607091304.2239,72.0
1607091304.6493,74.0
1607091304.6502,74.0
1607091304.6528,72.0
1607091304.6554,72.0
1607091304.6573,72.0
1607091304.6593,69.0
1607091304.6615,74.0
1607091304.6634,76.0
1607091304.6654,72.0
1607091304.6673,64.0
1607091304.6694,67.0
1607091304.6713,72.0
1607091304.6733,69.0
1607091304.6754,64.0
1607091304.6773,67.0
1607091304.6793,69.0
1607091304.6813,69.0
1607091304.6833,67.0
1607091304.6853,69.0
1607091304.6875,72.0
1607091304.6893,69.0
1607091304.6912,72.0
1607091304.6932,76.0
1607091304.6954,74.0
1607091304.6973,72.0
1607091304.6992,72.0
1607091304.7012,72.0
1607091304.7032,69.0
1607091304.7053,69.0
1607091304.7072,72.0
1607091304.7092,74.0
1607091304.7113,74.0
1607091304.7132,72.0
1607091304.7153,72.0
1607091304.7172,74.0
1607091304.7193,76.0
1607091304.7212,74.0
1607091304.7232,74.0
1607091304.7253,74.0
1607091304.7273,74.0
1607091304.7292,72.0
1607091304.7312,72.0
1607091304.7332,72.0
1607091304.7353,69.0
1607091304.7372,69.0
1607091304.7392,86.0
1607091304.7412,105.0
1607091304.7433,110.0
1607091304.7453,103.0
1607091304.7472,93.0
1607091304.7492,76.0
1607091304.7512,67.0
1607091304.7532,67.0
1607091304.7553,72.0
1607091304.7572,74.0
1607091304.7592,67.0
1607091304.7613,64.0
1607091304.7632,64.0
1607091304.7653,57.0
1607091304.7672,45.0
1607091304.7692,110.0
1607091304.7712,343.0
1607091304.7732,685.0
1607091304.7753,853.0
1607091304.7773,519.0
1607091304.7793,-52.0
1607091304.7812,-158.0
1607091304.7832,67.0
1607091304.7853,52.0
1607091304.7872,-45.0
1607091304.7894,7.0
1607091304.7912,33.0
1607091304.7933,4.0
1607091305.2198,21.0
1607091305.2209,38.0
1607091305.2233,28.0
1607091305.2259,31.0
1607091305.228,43.0
1607091305.2299,43.0
1607091305.2319,40.0
1607091305.2338,48.0
1607091305.2358,55.0
1607091305.2378,55.0
1607091305.2398,55.0
1607091305.2418,62.0
1607091305.2439,67.0
1607091305.246,74.0
1607091305.2478,79.0
1607091305.2498,84.0
1607091305.2518,91.0
1607091305.2538,103.0
1607091305.2558,117.0
1607091305.2578,132.0
1607091305.2599,149.0
1607091305.2619,163.0
1607091305.2638,175.0
1607091305.2659,192.0
1607091305.2678,204.0
1607091305.2698,211.0
1607091305.2718,214.0
1607091305.2738,202.0
1607091305.2758,177.0
1607091305.2779,144.0
1607091305.2798,108.0
1607091305.2818,69.0
1607091305.2838,38.0
1607091305.2858,16.0
1607091305.2878,2.0
1607091305.2898,-7.0
1607091305.2918,-14.0
1607091305.2939,-16.0
1607091305.2959,-16.0
1607091305.2978,-14.0
1607091305.2998,-12.0
1607091305.3018,-7.0
1607091305.3038,0.0
1607091305.3058,4.0
1607091305.3078,9.0
1607091305.3098,14.0
1607091305.3119,19.0
1607091305.3138,21.0
1607091305.316,21.0
1607091305.3179,26.0
1607091305.3198,31.0
1607091305.3218,33.0
1607091305.3238,33.0
1607091305.3258,33.0
1607091305.3279,36.0
1607091305.3298,38.0
1607091305.3318,38.0
1607091305.3338,40.0
1607091305.3358,43.0
1607091305.3378,43.0
1607091305.3398,40.0
1607091305.3418,40.0
1607091305.3438,40.0
1607091305.3459,43.0
1607091305.3478,43.0
1607091305.3498,43.0
1607091305.3518,45.0
1607091305.3538,45.0
1607091305.3558,45.0
1607091305.3578,48.0
1607091305.3598,48.0
1607091305.3619,43.0
1607091305.3638,36.0
1607091305.7592,40.0
1607091305.7603,45.0
1607091305.7628,48.0
1607091305.7654,48.0
1607091305.7673,50.0
1607091305.7693,48.0
1607091305.7713,43.0
1607091305.7732,45.0
1607091305.7753,50.0
1607091305.7773,52.0
1607091305.7793,50.0
1607091305.7812,40.0
1607091305.7832,38.0
1607091305.7853,43.0
1607091305.7872,45.0
1607091305.7892,45.0
1607091305.7912,48.0
1607091305.7932,50.0
1607091305.7954,48.0
1607091305.7972,48.0
1607091305.7992,52.0
1607091305.8012,48.0
1607091305.8032,45.0
1607091305.8053,50.0
1607091305.8072,50.0
1607091305.8092,50.0
1607091305.8115,50.0
1607091305.8132,52.0
1607091305.8152,52.0
1607091305.8172,52.0
1607091305.8192,52.0
1607091305.8212,52.0
1607091305.8232,55.0
1607091305.8253,57.0
1607091305.8273,57.0
1607091305.8293,57.0
1607091305.8312,57.0
1607091305.8332,57.0
1607091305.8353,57.0
1607091305.8372,52.0
1607091305.8392,50.0
1607091305.8412,52.0
1607091305.8434,48.0
1607091305.8453,45.0
1607091305.8472,52.0
1607091305.8492,72.0
1607091305.8513,84.0
1607091305.8532,79.0
1607091305.8553,72.0
1607091305.8572,62.0
1607091305.8592,50.0
1607091305.8613,48.0
1607091305.8632,50.0
1607091305.8653,50.0
1607091305.8672,48.0
1607091305.8692,50.0
1607091305.8712,55.0
1607091305.8732,48.0
1607091305.8753,28.0
1607091305.8773,43.0
1607091305.8793,187.0
1607091305.8812,495.0
1607091305.8832,803.0
1607091305.8853,764.0
1607091305.8872,250.0
1607091305.8892,-170.0
1607091305.8912,-64.0
1607091305.8932,72.0
1607091305.8954,-33.0
1607091305.8972,-55.0
1607091305.8992,7.0
1607091305.9012,-9.0
1607091305.9032,-26.0
1607091306.2995,0.0
1607091306.3003,7.0
1607091306.3027,2.0
1607091306.3054,16.0
1607091306.3075,24.0
1607091306.3094,24.0
1607091306.3114,28.0
1607091306.3134,31.0
1607091306.3154,28.0
1607091306.3174,31.0
1607091306.3193,43.0
1607091306.3213,48.0
1607091306.3233,50.0
1607091306.3254,60.0
1607091306.3274,67.0
1607091306.3294,74.0
1607091306.3313,86.0
1607091306.3333,96.0
1607091306.3353,108.0
1607091306.3373,122.0
1607091306.3394,137.0
1607091306.3413,151.0
1607091306.3433,168.0
1607091306.3454,177.0
1607091306.3473,185.0
1607091306.3493,189.0
1607091306.3513,189.0
1607091306.3533,175.0
1607091306.3553,146.0
1607091306.3573,110.0
1607091306.3593,72.0
1607091306.3614,38.0
1607091306.3633,14.0
1607091306.3653,-2.0
1607091306.3673,-12.0
1607091306.3694,-19.0
1607091306.3713,-24.0
1607091306.3733,-24.0
1607091306.3753,-19.0
1607091306.3774,-16.0
1607091306.3793,-14.0
1607091306.3813,-12.0
1607091306.3833,-7.0
1607091306.3853,-2.0
1607091306.3873,2.0
1607091306.3893,7.0
1607091306.3913,14.0
1607091306.3934,16.0
1607091306.3954,19.0
1607091306.3973,24.0
1607091306.3993,28.0
1607091306.4013,28.0
1607091306.4033,31.0
1607091306.4053,36.0
1607091306.4073,38.0
1607091306.4094,36.0
1607091306.4114,33.0
1607091306.4133,31.0
1607091306.4153,33.0
1607091306.4173,33.0
1607091306.4193,33.0
1607091306.4213,36.0
1607091306.4233,33.0
1607091306.4253,33.0
1607091306.4274,38.0
1607091306.4293,40.0
1607091306.4313,40.0
1607091306.4333,43.0
1607091306.4353,43.0
1607091306.4374,45.0
1607091306.4393,48.0
1607091306.4413,48.0
1607091306.4433,50.0
1607091306.8698,52.0
1607091306.8707,50.0
1607091306.8732,52.0
1607091306.8758,55.0
1607091306.8778,52.0
1607091306.8798,45.0
1607091306.8819,43.0
1607091306.8838,48.0
1607091306.8858,50.0
1607091306.8878,50.0
1607091306.8898,50.0
1607091306.8918,50.0
1607091306.8939,50.0
1607091306.8958,52.0
1607091306.8977,55.0
1607091306.8997,57.0
1607091306.9017,55.0
1607091306.9037,55.0
1607091306.9057,57.0
1607091306.9077,60.0
1607091306.9097,57.0
1607091306.9119,52.0
1607091306.9137,52.0
1607091306.9157,57.0
1607091306.9177,55.0
1607091306.9197,55.0
1607091306.9217,60.0
1607091306.9237,60.0
1607091306.9257,55.0
1607091306.9277,55.0
1607091306.9297,57.0
1607091306.9317,62.0
1607091306.9337,60.0
1607091306.9359,60.0
1607091306.9377,60.0
1607091306.9397,62.0
1607091306.9417,62.0
1607091306.9437,62.0
1607091306.9458,62.0
1607091306.9477,62.0
1607091306.9497,62.0
1607091306.9517,62.0
1607091306.9537,60.0
1607091306.9558,60.0
1607091306.9578,57.0
1607091306.9598,50.0
1607091306.9618,48.0
1607091306.9637,48.0
1607091306.9659,48.0
1607091306.9677,57.0
1607091306.9698,76.0
1607091306.9717,86.0
1607091306.9737,79.0
1607091306.9757,67.0
1607091306.9777,57.0
1607091306.9798,50.0
1607091306.9818,48.0
1607091306.9838,48.0
1607091306.9857,52.0
1607091306.9877,52.0
1607091306.9897,52.0
1607091306.9916,55.0
1607091306.9937,45.0
1607091306.9957,31.0
1607091306.9978,93.0
1607091306.9997,319.0
1607091307.0017,654.0
1607091307.0037,841.0
1607091307.0058,567.0
1607091307.0077,19.0
1607091307.0097,-144.0
1607091307.0119,48.0
1607091307.0137,45.0
1607091307.4696,-55.0
1607091307.4704,-9.0
1607091307.4722,19.0
1607091307.4741,-14.0
1607091307.4762,-4.0
1607091307.4781,16.0
1607091307.4802,7.0
1607091307.4822,2.0
1607091307.4841,14.0
1607091307.486,19.0
1607091307.488,21.0
1607091307.4902,26.0
1607091307.4921,28.0
1607091307.4941,33.0
1607091307.4961,40.0
1607091307.498,48.0
1607091307.5,50.0
1607091307.502,55.0
1607091307.504,67.0
1607091307.506,79.0
1607091307.508,86.0
1607091307.5101,93.0
1607091307.512,105.0
1607091307.514,115.0
1607091307.516,129.0
1607091307.518,144.0
1607091307.52,156.0
1607091307.5221,165.0
1607091307.5241,175.0
1607091307.526,182.0
1607091307.5281,185.0
1607091307.53,180.0
1607091307.532,163.0
1607091307.534,134.0
1607091307.5361,98.0
1607091307.538,64.0
1607091307.54,38.0
1607091307.542,16.0
1607091307.5441,-2.0
1607091307.546,-12.0
1607091307.548,-14.0
1607091307.55,-14.0
1607091307.552,-19.0
1607091307.554,-24.0
1607091307.556,-21.0
1607091307.558,-19.0
1607091307.56,-16.0
1607091307.5621,-9.0
1607091307.564,-4.0
1607091307.566,0.0
1607091307.568,4.0
1607091307.57,7.0
1607091307.572,12.0
1607091307.574,16.0
1607091307.576,19.0
1607091307.5781,24.0
1607091307.58,26.0
1607091307.582,26.0
1607091307.584,26.0
1607091307.5861,31.0
1607091307.588,33.0
1607091307.59,31.0
1607091307.5922,33.0
1607091307.5941,36.0
1607091307.5961,36.0
1607091307.598,33.0
1607091307.5995,33.0
1607091307.6072,38.0
1607091307.6091,40.0
1607091307.611,38.0
1607091307.6131,38.0
1607091307.6151,43.0
1607091307.617,45.0
1607091308.0096,43.0
1607091308.0106,45.0
1607091308.0121,48.0
1607091308.0141,43.0
1607091308.0161,43.0
1607091308.018,48.0
1607091308.02,50.0
1607091308.0221,48.0
1607091308.024,48.0
1607091308.0261,52.0
1607091308.0281,52.0
1607091308.03,45.0
1607091308.032,38.0
1607091308.034,38.0
1607091308.0361,40.0
1607091308.038,40.0
1607091308.04,43.0
1607091308.042,50.0
1607091308.0441,55.0
1607091308.0461,52.0
1607091308.048,48.0
1607091308.05,50.0
1607091308.052,52.0
1607091308.054,52.0
1607091308.056,52.0
1607091308.058,55.0
1607091308.06,50.0
1607091308.0621,45.0
1607091308.064,50.0
1607091308.066,55.0
1607091308.068,55.0
1607091308.07,52.0
1607091308.072,50.0
1607091308.074,52.0
1607091308.076,55.0
1607091308.0781,48.0
1607091308.08,50.0
1607091308.082,55.0
1607091308.084,55.0
1607091308.086,52.0
1607091308.0881,50.0
1607091308.09,55.0
1607091308.092,57.0
1607091308.0941,57.0
1607091308.0961,55.0
1607091308.098,55.0
1607091308.1,55.0
1607091308.102,50.0
1607091308.104,50.0
1607091308.106,48.0
1607091308.108,50.0
1607091308.11,64.0
1607091308.1121,81.0
1607091308.114,84.0
1607091308.1161,74.0
1607091308.118,64.0
1607091308.1201,50.0
1607091308.122,48.0
1607091308.124,48.0
1607091308.126,48.0
1607091308.1281,48.0
1607091308.13,50.0
1607091308.132,48.0
1607091308.134,45.0
1607091308.1361,33.0
1607091308.138,50.0
1607091308.14,197.0
1607091308.142,500.0
1607091308.1441,793.0
1607091308.1461,723.0
1607091308.148,187.0
1607091308.1487,-204.0
1607091308.15,-55.0
1607091308.5496,86.0
1607091308.5505,-31.0
1607091308.5531,-45.0
1607091308.5557,24.0
1607091308.5576,0.0
1607091308.5596,-16.0
1607091308.5617,12.0
1607091308.5636,12.0
1607091308.5656,4.0
1607091308.5675,12.0
1607091308.5696,19.0
1607091308.5716,24.0
1607091308.5735,26.0
1607091308.5742,28.0
1607091308.5756,36.0
1607091308.5776,43.0
1607091308.5795,50.0
1607091308.5815,52.0
1607091308.5837,57.0
1607091308.5856,62.0
1607091308.5875,72.0
1607091308.5895,81.0
1607091308.5915,91.0
1607091308.5936,105.0
1607091308.5956,117.0
1607091308.5975,127.0
1607091308.5995,137.0
1607091308.6015,149.0
1607091308.6035,163.0
1607091308.6042,175.0
1607091308.6055,185.0
1607091308.6075,185.0
1607091308.6095,182.0
1607091308.6116,170.0
1607091308.6135,149.0
1607091308.6156,113.0
1607091308.6175,69.0
1607091308.6196,33.0
1607091308.6215,9.0
1607091308.6235,-7.0
1607091308.6255,-21.0
1607091308.6276,-28.0
1607091308.6295,-28.0
1607091308.6315,-28.0
1607091308.6335,-31.0
1607091308.6342,-28.0
1607091308.6355,-24.0
1607091308.6375,-19.0
1607091308.6395,-16.0
1607091308.6415,-9.0
1607091308.6436,-2.0
1607091308.6457,0.0
1607091308.6475,4.0
1607091308.6495,14.0
1607091308.6515,16.0
1607091308.6535,12.0
1607091308.6555,14.0
1607091308.6575,21.0
1607091308.6595,21.0
1607091308.6616,19.0
1607091308.6635,19.0
1607091308.6642,21.0
1607091308.6656,21.0
1607091308.6675,24.0
1607091308.6695,21.0
1607091308.6715,24.0
1607091308.6735,26.0
1607091308.6755,26.0
1607091308.6776,26.0
1607091308.6797,26.0
1607091308.6816,26.0
1607091308.6835,28.0
1607091308.6856,31.0
1607091309.1492,33.0
1607091309.1501,33.0
1607091309.1526,33.0
1607091309.1553,33.0
1607091309.1572,33.0
1607091309.1592,33.0
1607091309.1613,26.0
1607091309.1632,24.0
1607091309.1639,28.0
1607091309.1652,31.0
1607091309.1671,28.0
1607091309.1691,28.0
1607091309.1711,31.0
1607091309.1731,33.0
1607091309.1752,36.0
1607091309.1773,40.0
1607091309.1792,38.0
1607091309.1811,31.0
1607091309.1831,31.0
1607091309.1852,33.0
1607091309.1871,31.0
1607091309.1891,26.0
1607091309.1911,26.0
1607091309.1931,31.0
1607091309.1938,33.0
1607091309.1953,31.0
1607091309.1971,36.0
1607091309.1991,40.0
1607091309.2011,40.0
1607091309.2031,40.0
1607091309.2052,36.0
1607091309.2071,33.0
1607091309.2091,38.0
1607091309.2112,40.0
1607091309.2131,40.0
1607091309.2152,38.0
1607091309.2171,36.0
1607091309.2191,36.0
1607091309.2211,38.0
1607091309.2231,38.0
1607091309.2238,33.0
1607091309.2251,31.0
1607091309.2272,31.0
1607091309.2292,43.0
1607091309.2311,64.0
1607091309.2331,74.0
1607091309.2352,72.0
1607091309.2373,64.0
1607091309.2392,52.0
1607091309.2411,40.0
1607091309.2431,38.0
1607091309.2453,40.0
1607091309.2471,40.0
1607091309.2491,36.0
1607091309.2511,33.0
1607091309.2531,36.0
1607091309.2538,26.0
1607091309.2551,7.0
1607091309.2571,52.0
1607091309.2591,257.0
1607091309.2612,593.0
1607091309.2631,829.0
1607091309.2652,606.0
1607091309.2671,21.0
1607091309.2691,-216.0
1607091309.2711,-9.0
1607091309.2731,38.0
1607091309.2751,-76.0
1607091309.2772,-45.0
1607091309.2792,0.0
1607091309.2811,-28.0
1607091309.2831,-26.0
1607091309.2838,-2.0
1607091309.6589,-4.0
1607091309.6596,-4.0
1607091309.6621,4.0
1607091309.6647,7.0
1607091309.6667,9.0
1607091309.6687,16.0
1607091309.6707,24.0
1607091309.6727,28.0
1607091309.6747,33.0
1607091309.6766,36.0
1607091309.6787,38.0
1607091309.6806,38.0
1607091309.6826,40.0
1607091309.6846,45.0
1607091309.6853,50.0
1607091309.6866,60.0
1607091309.6886,72.0
1607091309.6906,86.0
1607091309.6926,103.0
1607091309.6947,120.0
1607091309.6966,137.0
1607091309.6986,149.0
1607091309.7006,158.0
1607091309.7026,163.0
1607091309.7046,170.0
1607091309.7068,165.0
1607091309.7087,146.0
1607091309.7107,115.0
1607091309.7126,79.0
1607091309.7146,38.0
1607091309.7153,7.0
1607091309.7166,-12.0
1607091309.7187,-26.0
1607091309.7206,-36.0
1607091309.7226,-43.0
1607091309.7246,-48.0
1607091309.7266,-43.0
1607091309.7287,-38.0
1607091309.7306,-36.0
1607091309.7326,-38.0
1607091309.7346,-33.0
1607091309.7366,-31.0
1607091309.7386,-26.0
1607091309.7406,-21.0
1607091309.7426,-12.0
1607091309.7433,-7.0
1607091309.7447,-4.0
1607091309.7467,-2.0
1607091309.7486,2.0
1607091309.7506,4.0
1607091309.7526,7.0
1607091309.7546,12.0
1607091309.7566,14.0
1607091309.7586,14.0
1607091309.7607,12.0
1607091309.7626,14.0
1607091309.7646,16.0
1607091309.7666,16.0
1607091309.7687,16.0
1607091309.7706,16.0
1607091309.7726,19.0
1607091309.7746,19.0
1607091309.7766,19.0
1607091309.7787,21.0
1607091309.7806,24.0
1607091309.7826,24.0
1607091309.7846,24.0
1607091309.7866,26.0
1607091309.7886,28.0
1607091309.7906,28.0
1607091309.7926,26.0
1607091309.7947,28.0
1607091309.7966,28.0
1607091310.2297,28.0
1607091310.2306,28.0
1607091310.2331,28.0
1607091310.2361,28.0
1607091310.2378,24.0
1607091310.2397,14.0
1607091310.2418,12.0
1607091310.2438,12.0
1607091310.2458,14.0
1607091310.2477,14.0
1607091310.2497,19.0
1607091310.2517,21.0
1607091310.2537,21.0
1607091310.2557,21.0
1607091310.2577,24.0
1607091310.2598,26.0
1607091310.2618,26.0
1607091310.2637,28.0
1607091310.2657,31.0
1607091310.2677,31.0
1607091310.2697,33.0
1607091310.2717,36.0
1607091310.2737,36.0
1607091310.2757,33.0
1607091310.2777,36.0
1607091310.2797,40.0
1607091310.2816,40.0
1607091310.2836,40.0
1607091310.2857,40.0
1607091310.2876,40.0
1607091310.2897,36.0
1607091310.2916,36.0
1607091310.2937,36.0
1607091310.2958,38.0
1607091310.2976,36.0
1607091310.2996,36.0
1607091310.3016,36.0
1607091310.3036,38.0
1607091310.3057,38.0
1607091310.3076,36.0
1607091310.3097,33.0
1607091310.3117,33.0
1607091310.3137,33.0
1607091310.3157,33.0
1607091310.3177,43.0
1607091310.3197,67.0
1607091310.3227,76.0
1607091310.3246,67.0
1607091310.3267,57.0
1607091310.3287,50.0
1607091310.3307,40.0
1607091310.3327,36.0
1607091310.3347,33.0
1607091310.3367,36.0
1607091310.3389,36.0
1607091310.3407,33.0
1607091310.3426,33.0
1607091310.3447,24.0
1607091310.3466,4.0
1607091310.3486,52.0
1607091310.3506,262.0
1607091310.3526,596.0
1607091310.3547,824.0
1607091310.3567,610.0
1607091310.3586,50.0
1607091310.3607,-180.0
1607091310.3627,0.0
1607091310.3646,28.0
1607091310.3666,-79.0
1607091310.3687,-45.0
1607091310.3706,-7.0
1607091310.3726,-43.0
1607091310.3746,-40.0
1607091310.8295,-14.0
1607091310.8304,-14.0
1607091310.8328,-19.0
1607091310.8355,-7.0
1607091310.8375,0.0
1607091310.8394,-2.0
1607091310.8416,-4.0
1607091310.8435,2.0
1607091310.8455,12.0
1607091310.8475,16.0
1607091310.8494,21.0
1607091310.8515,28.0
1607091310.8535,33.0
1607091310.8555,40.0
1607091310.8574,52.0
1607091310.8594,60.0
1607091310.8616,67.0
1607091310.8634,81.0
1607091310.8656,93.0
1607091310.8674,105.0
1607091310.8694,117.0
1607091310.8714,132.0
1607091310.8734,144.0
1607091310.8754,153.0
1607091310.8775,161.0
1607091310.8795,163.0
1607091310.8814,156.0
1607091310.8834,141.0
1607091310.8854,115.0
1607091310.8874,81.0
1607091310.8894,50.0
1607091310.8914,21.0
1607091310.8936,-4.0
1607091310.8954,-21.0
1607091310.8974,-28.0
1607091310.8994,-31.0
1607091310.9014,-33.0
1607091310.9034,-38.0
1607091310.9053,-36.0
1607091310.9073,-28.0
1607091310.9093,-26.0
1607091310.9114,-24.0
1607091310.9133,-21.0
1607091310.9154,-14.0
1607091310.9173,-9.0
1607091310.9193,-7.0
1607091310.9214,-4.0
1607091310.9233,2.0
1607091310.9254,7.0
1607091310.9274,9.0
1607091310.9294,9.0
1607091310.9313,14.0
1607091310.9333,16.0
1607091310.9354,16.0
1607091310.9374,16.0
1607091310.9393,16.0
1607091310.9413,16.0
1607091310.9434,16.0
1607091310.9455,19.0
1607091310.9473,19.0
1607091310.9494,19.0
1607091310.9513,21.0
1607091310.9533,21.0
1607091310.9554,16.0
1607091310.9573,12.0
1607091310.9593,12.0
1607091310.9615,16.0
1607091310.9634,19.0
1607091310.9654,19.0
1607091310.9673,21.0
1607091310.9693,21.0
1607091310.9713,21.0
1607091310.9735,24.0
1607091311.3696,26.0
1607091311.3705,28.0
1607091311.373,31.0
1607091311.3757,31.0
1607091311.3776,31.0
1607091311.3796,33.0
1607091311.3816,36.0
1607091311.3835,33.0
1607091311.3856,33.0
1607091311.3875,36.0
1607091311.3897,33.0
1607091311.3916,24.0
1607091311.3936,24.0
1607091311.3956,26.0
1607091311.3975,21.0
1607091311.3995,19.0
1607091311.4015,26.0
1607091311.4035,31.0
1607091311.4056,28.0
1607091311.4075,28.0
1607091311.4095,31.0
1607091311.4116,31.0
1607091311.4135,33.0
1607091311.4156,33.0
1607091311.4175,33.0
1607091311.4196,33.0
1607091311.4215,36.0
1607091311.4235,36.0
1607091311.4256,36.0
1607091311.4331,33.0
1607091311.4345,36.0
1607091311.4365,38.0
1607091311.4385,40.0
1607091311.4405,40.0
1607091311.4425,38.0
1607091311.4446,38.0
1607091311.4465,43.0
1607091311.4485,40.0
1607091311.4505,36.0
1607091311.4525,38.0
1607091311.4545,43.0
1607091311.4565,40.0
1607091311.4585,36.0
1607091311.4606,33.0
1607091311.4625,33.0
1607091311.4644,33.0
1607091311.4665,45.0
1607091311.4685,67.0
1607091311.4705,79.0
1607091311.4725,74.0
1607091311.4745,62.0
1607091311.4765,50.0
1607091311.4786,40.0
1607091311.4806,38.0
1607091311.4825,43.0
1607091311.4845,43.0
1607091311.4865,36.0
1607091311.4885,31.0
1607091311.4905,33.0
1607091311.4925,26.0
1607091311.4946,9.0
1607091311.4967,36.0
1607091311.4985,204.0
1607091311.5005,519.0
1607091311.5025,793.0
1607091311.5045,670.0
1607091311.5066,122.0
1607091311.5085,-206.0
1607091311.5106,-38.0
1607091311.5126,57.0
1607091311.5145,-62.0
1607091311.5165,-57.0
1607091311.5185,2.0
1607091311.9395,-24.0
1607091311.9404,-31.0
1607091311.9429,-4.0
1607091311.9455,-2.0
1607091311.9475,-4.0
1607091311.9495,7.0
1607091311.9516,12.0
1607091311.9535,4.0
1607091311.9555,2.0
1607091311.9574,9.0
1607091311.9594,16.0
1607091311.9615,19.0
1607091311.9635,28.0
1607091311.9655,36.0
1607091311.9674,40.0
1607091311.9694,45.0
1607091311.9714,55.0
1607091311.9734,67.0
1607091311.9754,74.0
1607091311.9775,86.0
1607091311.9794,98.0
1607091311.9815,113.0
1607091311.9835,127.0
1607091311.9854,144.0
1607091311.9875,153.0
1607091311.9895,163.0
1607091311.9915,180.0
1607091311.9934,185.0
1607091311.9955,177.0
1607091311.9974,163.0
1607091311.9994,137.0
1607091312.0014,98.0
1607091312.0034,60.0
1607091312.0054,28.0
1607091312.0074,4.0
1607091312.0094,-14.0
1607091312.0115,-31.0
1607091312.0134,-40.0
1607091312.0154,-40.0
1607091312.0175,-38.0
1607091312.0194,-36.0
1607091312.0214,-36.0
1607091312.0234,-33.0
1607091312.0254,-28.0
1607091312.0275,-21.0
1607091312.0294,-16.0
1607091312.0314,-14.0
1607091312.0334,-7.0
1607091312.0354,-4.0
1607091312.0374,-4.0
1607091312.0394,-2.0
1607091312.0413,2.0
1607091312.0434,7.0
1607091312.0455,7.0
1607091312.0475,7.0
1607091312.0494,4.0
1607091312.0514,9.0
1607091312.0534,14.0
1607091312.0554,16.0
1607091312.0574,14.0
1607091312.0594,16.0
1607091312.0615,19.0
1607091312.0634,19.0
1607091312.0654,19.0
1607091312.0674,21.0
1607091312.0694,24.0
1607091312.0714,24.0
1607091312.0734,21.0
1607091312.0755,24.0
1607091312.0775,24.0
1607091312.0794,19.0
1607091312.0814,19.0
1607091312.0834,24.0
1607091312.4796,28.0
1607091312.4806,28.0
1607091312.483,28.0
1607091312.4857,31.0
1607091312.4876,33.0
1607091312.4896,33.0
1607091312.4916,31.0
1607091312.4937,33.0
1607091312.4957,36.0
1607091312.4976,26.0
1607091312.4996,19.0
1607091312.5016,26.0
1607091312.5036,28.0
1607091312.5056,26.0
1607091312.5075,28.0
1607091312.5095,28.0
1607091312.5116,28.0
1607091312.5137,28.0
1607091312.5156,31.0
1607091312.5176,31.0
1607091312.5195,33.0
1607091312.5215,33.0
1607091312.5235,38.0
1607091312.5255,40.0
1607091312.5276,38.0
1607091312.5295,36.0
1607091312.5315,38.0
1607091312.5335,40.0
1607091312.5355,36.0
1607091312.5375,36.0
1607091312.5395,36.0
1607091312.5415,38.0
1607091312.5436,38.0
1607091312.5457,38.0
1607091312.5475,40.0
1607091312.5495,40.0
1607091312.5517,36.0
1607091312.5535,33.0
1607091312.5556,33.0
1607091312.5575,36.0
1607091312.5596,33.0
1607091312.5616,28.0
1607091312.5635,33.0
1607091312.5656,55.0
1607091312.5675,67.0
1607091312.5695,60.0
1607091312.5715,55.0
1607091312.5735,48.0
1607091312.5756,36.0
1607091312.5776,33.0
1607091312.5795,38.0
1607091312.5815,38.0
1607091312.5835,36.0
1607091312.5856,36.0
1607091312.5875,38.0
1607091312.5895,33.0
1607091312.5915,14.0
1607091312.5936,28.0
1607091312.5957,180.0
1607091312.5975,492.0
1607091312.5996,788.0
1607091312.6016,719.0
1607091312.6035,177.0
1607091312.6056,-221.0
1607091312.6075,-81.0
1607091312.6096,55.0
1607091312.6116,-55.0
1607091312.6135,-69.0
1607091312.6157,-4.0
1607091312.6176,-26.0
1607091312.6195,-40.0
1607091312.6215,-14.0
1607091312.6235,-14.0
1607091313.0496,-16.0
1607091313.0508,-2.0
1607091313.0533,2.0
1607091313.0558,4.0
1607091313.0579,12.0
1607091313.0599,16.0
1607091313.062,14.0
1607091313.064,14.0
1607091313.0658,21.0
1607091313.0678,28.0
1607091313.0699,33.0
1607091313.0718,38.0
1607091313.0738,48.0
1607091313.0758,60.0
1607091313.0779,67.0
1607091313.0798,76.0
1607091313.0818,91.0
1607091313.0838,105.0
1607091313.0858,120.0
1607091313.0878,132.0
1607091313.0898,146.0
1607091313.0918,161.0
1607091313.0939,165.0
1607091313.0959,165.0
1607091313.0978,165.0
1607091313.0998,153.0
1607091313.1018,125.0
1607091313.1038,88.0
1607091313.1058,50.0
1607091313.1078,14.0
1607091313.1098,-9.0
1607091313.1119,-26.0
1607091313.1138,-38.0
1607091313.1158,-45.0
1607091313.1178,-48.0
1607091313.1198,-52.0
1607091313.1218,-50.0
1607091313.1238,-48.0
1607091313.1258,-43.0
1607091313.1279,-38.0
1607091313.1298,-36.0
1607091313.1318,-28.0
1607091313.1338,-24.0
1607091313.1358,-19.0
1607091313.1378,-12.0
1607091313.1398,-9.0
1607091313.142,-7.0
1607091313.144,-4.0
1607091313.1459,2.0
1607091313.1478,4.0
1607091313.1498,4.0
1607091313.1518,7.0
1607091313.1539,7.0
1607091313.1558,4.0
1607091313.1578,4.0
1607091313.1598,9.0
1607091313.1619,9.0
1607091313.1637,9.0
1607091313.1658,9.0
1607091313.1678,12.0
1607091313.1698,14.0
1607091313.1718,14.0
1607091313.1738,14.0
1607091313.1758,16.0
1607091313.1779,19.0
1607091313.1798,19.0
1607091313.1818,19.0
1607091313.1838,21.0
1607091313.1858,24.0
1607091313.1878,24.0
1607091313.1898,24.0
1607091313.1918,24.0
1607091313.1939,24.0
1607091313.5896,26.0
1607091313.5907,28.0
1607091313.5932,31.0
1607091313.5958,31.0
1607091313.5977,31.0
1607091313.5997,31.0
1607091313.6017,31.0
1607091313.6037,26.0
1607091313.6057,19.0
1607091313.6077,19.0
1607091313.6097,19.0
1607091313.6118,16.0
1607091313.6137,16.0
1607091313.6157,21.0
1607091313.6176,24.0
1607091313.6197,21.0
1607091313.6216,24.0
1607091313.6236,26.0
1607091313.6257,28.0
1607091313.6277,26.0
1607091313.6296,28.0
1607091313.6316,31.0
1607091313.6336,31.0
1607091313.6357,28.0
1607091313.6378,31.0
1607091313.6397,33.0
1607091313.6417,31.0
1607091313.6437,24.0
1607091313.6457,21.0
1607091313.6476,26.0
1607091313.6496,26.0
1607091313.6516,28.0
1607091313.6536,28.0
1607091313.6557,28.0
1607091313.6576,28.0
1607091313.6597,26.0
1607091313.6617,26.0
1607091313.6636,31.0
1607091313.6657,33.0
1607091313.6676,31.0
1607091313.6697,31.0
1607091313.6716,33.0
1607091313.6736,31.0
1607091313.6757,24.0
1607091313.6777,24.0
1607091313.6796,26.0
1607091313.6816,21.0
1607091313.6836,26.0
1607091313.6857,50.0
1607091313.6877,67.0
1607091313.6896,64.0
1607091313.6916,55.0
1607091313.6937,45.0
1607091313.6958,33.0
1607091313.6976,24.0
1607091313.6996,21.0
1607091313.7018,26.0
1607091313.7036,28.0
1607091313.7057,26.0
1607091313.7076,24.0
1607091313.7097,24.0
1607091313.7118,14.0
1607091313.7136,7.0
1607091313.7157,93.0
1607091313.7176,351.0
1607091313.7197,682.0
1607091313.7216,805.0
1607091313.7236,444.0
1607091313.7257,-76.0
1607091313.7277,-139.0
1607091313.7296,40.0
1607091313.7316,-12.0
1607091313.7336,-86.0
1607091314.1895,-26.0
1607091314.1904,-16.0
1607091314.1932,-45.0
1607091314.1956,-28.0
1607091314.1976,-14.0
1607091314.1995,-26.0
1607091314.2016,-24.0
1607091314.2035,-9.0
1607091314.2055,-9.0
1607091314.2074,-7.0
1607091314.2095,2.0
1607091314.2116,9.0
1607091314.2135,12.0
1607091314.2155,19.0
1607091314.2174,26.0
1607091314.2194,31.0
1607091314.2214,38.0
1607091314.2234,43.0
1607091314.2255,50.0
1607091314.2275,55.0
1607091314.2295,62.0
1607091314.2314,74.0
1607091314.2334,88.0
1607091314.2355,103.0
1607091314.2374,115.0
1607091314.2394,129.0
1607091314.2414,144.0
1607091314.2434,151.0
1607091314.2455,156.0
1607091314.2474,158.0
1607091314.2494,151.0
1607091314.2514,134.0
1607091314.2534,105.0
1607091314.2555,69.0
1607091314.2574,33.0
1607091314.2594,7.0
1607091314.2615,-16.0
1607091314.2634,-31.0
1607091314.2654,-36.0
1607091314.2674,-40.0
1607091314.2694,-43.0
1607091314.2714,-40.0
1607091314.2734,-38.0
1607091314.2754,-33.0
1607091314.2775,-31.0
1607091314.2794,-26.0
1607091314.2814,-21.0
1607091314.2834,-19.0
1607091314.2855,-16.0
1607091314.2874,-9.0
1607091314.2894,-4.0
1607091314.2914,-2.0
1607091314.2935,-2.0
1607091314.2957,0.0
1607091314.2974,2.0
1607091314.2994,7.0
1607091314.3014,9.0
1607091314.3034,9.0
1607091314.3054,12.0
1607091314.3074,12.0
1607091314.3094,12.0
1607091314.3115,16.0
1607091314.3134,16.0
1607091314.3154,16.0
1607091314.3175,14.0
1607091314.3194,14.0
1607091314.3214,12.0
1607091314.3234,12.0
1607091314.3254,14.0
1607091314.3275,14.0
1607091314.3294,16.0
1607091314.3314,19.0
1607091314.3334,19.0
1607091314.7295,19.0
1607091314.7303,24.0
1607091314.7327,24.0
1607091314.7354,21.0
1607091314.7373,26.0
1607091314.7393,28.0
1607091314.7414,26.0
1607091314.7433,26.0
1607091314.7454,28.0
1607091314.7473,26.0
1607091314.7493,16.0
1607091314.7513,14.0
1607091314.7533,14.0
1607091314.7554,12.0
1607091314.7573,9.0
1607091314.7593,14.0
1607091314.7614,19.0
1607091314.7633,16.0
1607091314.7654,16.0
1607091314.7673,21.0
1607091314.7693,24.0
1607091314.7713,24.0
1607091314.7733,24.0
1607091314.7753,26.0
1607091314.7774,24.0
1607091314.7793,24.0
1607091314.7813,24.0
1607091314.7833,26.0
1607091314.7853,28.0
1607091314.7873,24.0
1607091314.7893,24.0
1607091314.7915,28.0
1607091314.7934,26.0
1607091314.7954,26.0
1607091314.7973,26.0
1607091314.7994,28.0
1607091314.8013,28.0
1607091314.8032,31.0
1607091314.8053,31.0
1607091314.8073,31.0
1607091314.8093,31.0
1607091314.8114,31.0
1607091314.8134,33.0
1607091314.814,36.0
1607091314.8163,33.0
1607091314.8183,33.0
1607091314.8203,36.0
1607091314.8223,38.0
1607091314.8244,33.0
1607091314.8264,28.0
1607091314.8284,28.0
1607091314.8303,36.0
1607091314.8323,52.0
1607091314.8343,64.0
1607091314.8364,64.0
1607091314.8383,55.0
1607091314.8403,38.0
1607091314.8423,24.0
1607091314.8444,19.0
1607091314.845,26.0
1607091314.8463,28.0
1607091314.8483,26.0
1607091314.8503,28.0
1607091314.8523,31.0
1607091314.8543,26.0
1607091314.8563,16.0
1607091314.8583,16.0
1607091314.8604,115.0
1607091314.8624,375.0
1607091314.8643,697.0
1607091314.8663,783.0
1607091314.8683,384.0
1607091314.8703,-120.0
1607091315.2997,-132.0
1607091315.3006,57.0
1607091315.303,-9.0
1607091315.3058,-79.0
1607091315.3077,-19.0
1607091315.3098,-14.0
1607091315.3117,-43.0
1607091315.3137,-28.0
1607091315.3156,-24.0
1607091315.3177,-28.0
1607091315.3196,-19.0
1607091315.3216,-9.0
1607091315.3236,-7.0
1607091315.3256,-2.0
1607091315.3276,4.0
1607091315.3296,9.0
1607091315.3303,14.0
1607091315.3315,21.0
1607091315.3335,31.0
1607091315.3356,36.0
1607091315.3375,43.0
1607091315.3395,48.0
1607091315.3416,55.0
1607091315.3436,67.0
1607091315.3457,79.0
1607091315.3476,88.0
1607091315.3496,101.0
1607091315.3515,115.0
1607091315.3535,132.0
1607091315.3556,149.0
1607091315.3576,163.0
1607091315.3597,175.0
1607091315.3602,180.0
1607091315.3615,175.0
1607091315.3635,165.0
1607091315.3656,146.0
1607091315.3675,117.0
1607091315.3695,79.0
1607091315.3715,40.0
1607091315.3735,14.0
1607091315.3756,-4.0
1607091315.3776,-19.0
1607091315.3796,-26.0
1607091315.3815,-33.0
1607091315.3835,-36.0
1607091315.3856,-33.0
1607091315.3876,-28.0
1607091315.3895,-26.0
1607091315.3902,-26.0
1607091315.3915,-24.0
1607091315.3937,-19.0
1607091315.3957,-12.0
1607091315.3975,-9.0
1607091315.3995,-4.0
1607091315.4015,-2.0
1607091315.4035,0.0
1607091315.4056,7.0
1607091315.4075,9.0
1607091315.4095,7.0
1607091315.4116,9.0
1607091315.4137,16.0
1607091315.4157,16.0
1607091315.4175,16.0
1607091315.4195,19.0
1607091315.4202,19.0
1607091315.4215,14.0
1607091315.4235,19.0
1607091315.4256,24.0
1607091315.4276,24.0
1607091315.4296,21.0
1607091315.4316,24.0
1607091315.4335,24.0
1607091315.4355,19.0
1607091315.8397,19.0
1607091315.8407,24.0
1607091315.8431,24.0
1607091315.8459,21.0
1607091315.8477,26.0
1607091315.8497,28.0
1607091315.8518,24.0
1607091315.8524,19.0
1607091315.8537,16.0
1607091315.8557,12.0
1607091315.8577,16.0
1607091315.8597,24.0
1607091315.8618,19.0
1607091315.8637,16.0
1607091315.8657,21.0
1607091315.8677,26.0
1607091315.8697,26.0
1607091315.8716,28.0
1607091315.8736,31.0
1607091315.8757,28.0
1607091315.8778,26.0
1607091315.8797,28.0
1607091315.8817,33.0
1607091315.8823,36.0
1607091315.8837,33.0
1607091315.8857,38.0
1607091315.8877,43.0
1607091315.8897,38.0
1607091315.8917,33.0
1607091315.8937,36.0
1607091315.8958,38.0
1607091315.8977,38.0
1607091315.8997,36.0
1607091315.9016,36.0
1607091315.9036,38.0
1607091315.9057,40.0
1607091315.9077,40.0
1607091315.9097,40.0
1607091315.9119,38.0
1607091315.9123,36.0
1607091315.9137,33.0
1607091315.9157,33.0
1607091315.9176,33.0
1607091315.9197,33.0
1607091315.9217,28.0
1607091315.9237,26.0
1607091315.9257,28.0
1607091315.9277,31.0
1607091315.9297,48.0
1607091315.9317,69.0
1607091315.9337,72.0
1607091315.9357,64.0
1607091315.9376,52.0
1607091315.9397,38.0
1607091315.9417,28.0
1607091315.9424,28.0
1607091315.9448,31.0
1607091315.9466,31.0
1607091315.9488,33.0
1607091315.9507,33.0
1607091315.9527,31.0
1607091315.9547,19.0
1607091315.9567,9.0
1607091315.9587,86.0
1607091315.9608,336.0
1607091315.9627,680.0
1607091315.9646,815.0
1607091315.9667,428.0
1607091315.9686,-137.0
1607091315.9707,-189.0
1607091315.9713,33.0
1607091315.9726,-9.0
1607091315.9747,-91.0
1607091316.4097,-24.0
1607091316.4108,-9.0
1607091316.4133,-45.0
1607091316.4159,-28.0
1607091316.4178,-9.0
1607091316.4198,-19.0
1607091316.4218,-21.0
1607091316.4238,-9.0
1607091316.4258,-2.0
1607091316.4278,2.0
1607091316.4284,7.0
1607091316.4298,12.0
1607091316.4317,14.0
1607091316.4338,19.0
1607091316.4358,24.0
1607091316.4377,31.0
1607091316.4399,38.0
1607091316.4418,43.0
1607091316.4438,50.0
1607091316.4458,62.0
1607091316.4477,74.0
1607091316.4497,86.0
1607091316.4517,98.0
1607091316.4537,113.0
1607091316.4557,132.0
1607091316.4577,146.0
1607091316.4584,158.0
1607091316.4598,170.0
1607091316.4618,175.0
1607091316.4637,175.0
1607091316.4658,163.0
1607091316.4677,141.0
1607091316.4697,108.0
1607091316.4717,64.0
1607091316.4737,26.0
1607091316.4757,-4.0
1607091316.4779,-24.0
1607091316.4798,-38.0
1607091316.4817,-48.0
1607091316.4837,-52.0
1607091316.4857,-55.0
1607091316.4877,-52.0
1607091316.4897,-48.0
1607091316.4917,-48.0
1607091316.4938,-45.0
1607091316.4958,-40.0
1607091316.4977,-36.0
1607091316.4997,-31.0
1607091316.5017,-24.0
1607091316.5037,-19.0
1607091316.5057,-14.0
1607091316.5077,-9.0
1607091316.5097,-7.0
1607091316.5118,-7.0
1607091316.5137,-4.0
1607091316.5158,2.0
1607091316.5177,2.0
1607091316.5197,-2.0
1607091316.5217,-2.0
1607091316.5237,0.0
1607091316.5257,0.0
1607091316.5278,0.0
1607091316.5297,-2.0
1607091316.5317,-2.0
1607091316.5337,0.0
1607091316.5358,-2.0
1607091316.5377,-2.0
1607091316.5399,4.0
1607091316.5418,7.0
1607091316.5438,7.0
1607091316.5458,4.0
1607091316.5477,4.0
1607091316.5497,7.0
1607091316.9496,9.0
1607091316.9505,12.0
1607091316.953,12.0
1607091316.9557,14.0
1607091316.9576,14.0
1607091316.9597,16.0
1607091316.9617,14.0
1607091316.9637,9.0
1607091316.9657,9.0
1607091316.9676,14.0
1607091316.9697,12.0
1607091316.9716,9.0
1607091316.9737,14.0
1607091316.9758,19.0
1607091316.9777,16.0
1607091316.9796,16.0
1607091316.9816,19.0
1607091316.9836,21.0
1607091316.9856,21.0
1607091316.9877,19.0
1607091316.9897,21.0
1607091316.9916,21.0
1607091316.9937,19.0
1607091316.9956,19.0
1607091316.9977,19.0
1607091316.9996,21.0
1607091317.0017,21.0
1607091317.0036,19.0
1607091317.0057,19.0
1607091317.0076,21.0
1607091317.0096,21.0
1607091317.0116,21.0
1607091317.0136,24.0
1607091317.0156,24.0
1607091317.0176,21.0
1607091317.0196,24.0
1607091317.0216,24.0
1607091317.0236,19.0
1607091317.0256,16.0
1607091317.0276,16.0
1607091317.0297,26.0
1607091317.0317,48.0
1607091317.0336,60.0
1607091317.0357,60.0
1607091317.0376,52.0
1607091317.0399,40.0
1607091317.0417,28.0
1607091317.0436,24.0
1607091317.0457,26.0
1607091317.0476,21.0
1607091317.0496,14.0
1607091317.0515,14.0
1607091317.0535,16.0
1607091317.0556,7.0
1607091317.0575,-9.0
1607091317.0596,4.0
1607091317.0616,144.0
1607091317.0635,440.0
1607091317.0656,745.0
1607091317.0675,719.0
1607091317.0695,221.0
1607091317.0715,-197.0
1607091317.0736,-96.0
1607091317.0756,40.0
1607091317.0776,-62.0
1607091317.0795,-88.0
1607091317.0815,-24.0
1607091317.0836,-36.0
1607091317.0856,-52.0
1607091317.0875,-31.0
1607091317.0895,-26.0
1607091317.0915,-24.0
1607091317.0937,-14.0
1607091317.5498,-9.0
1607091317.551,-7.0
1607091317.5535,0.0
1607091317.5561,4.0
1607091317.558,2.0
1607091317.5601,2.0
1607091317.5622,12.0
1607091317.5641,16.0
1607091317.5661,19.0
1607091317.5681,26.0
1607091317.5701,38.0
1607091317.5721,48.0
1607091317.5741,52.0
1607091317.5762,60.0
1607091317.5781,76.0
1607091317.5801,88.0
1607091317.5821,101.0
1607091317.5841,117.0
1607091317.586,132.0
1607091317.588,144.0
1607091317.59,151.0
1607091317.592,156.0
1607091317.5941,153.0
1607091317.5963,141.0
1607091317.5981,115.0
1607091317.6,81.0
1607091317.602,45.0
1607091317.604,14.0
1607091317.606,-9.0
1607091317.608,-28.0
1607091317.6101,-40.0
1607091317.6121,-45.0
1607091317.614,-45.0
1607091317.616,-45.0
1607091317.618,-43.0
1607091317.6201,-40.0
1607091317.622,-40.0
1607091317.624,-33.0
1607091317.626,-26.0
1607091317.628,-24.0
1607091317.63,-24.0
1607091317.632,-21.0
1607091317.634,-19.0
1607091317.636,-19.0
1607091317.6381,-16.0
1607091317.64,-14.0
1607091317.642,-9.0
1607091317.6441,-7.0
1607091317.646,-4.0
1607091317.648,-4.0
1607091317.65,0.0
1607091317.652,0.0
1607091317.654,2.0
1607091317.656,4.0
1607091317.658,4.0
1607091317.6601,7.0
1607091317.6621,7.0
1607091317.664,9.0
1607091317.666,12.0
1607091317.6681,14.0
1607091317.67,12.0
1607091317.672,12.0
1607091317.674,14.0
1607091317.676,14.0
1607091317.6781,16.0
1607091317.68,19.0
1607091317.682,19.0
1607091317.684,19.0
1607091317.686,21.0
1607091317.688,24.0
1607091317.69,24.0
1607091317.692,26.0
1607091317.6941,28.0
1607091318.1196,26.0
1607091318.1208,26.0
1607091318.1231,26.0
1607091318.1257,24.0
1607091318.1278,21.0
1607091318.1297,26.0
1607091318.1318,26.0
1607091318.1337,26.0
1607091318.1357,26.0
1607091318.1377,21.0
1607091318.1397,16.0
1607091318.1417,19.0
1607091318.1437,21.0
1607091318.1457,21.0
1607091318.1476,24.0
1607091318.1496,24.0
1607091318.1516,24.0
1607091318.1537,26.0
1607091318.1557,26.0
1607091318.1576,28.0
1607091318.1597,28.0
1607091318.1618,31.0
1607091318.1636,31.0
1607091318.1657,28.0
1607091318.1676,31.0
1607091318.1696,31.0
1607091318.1716,31.0
1607091318.1736,31.0
1607091318.1756,33.0
1607091318.1777,33.0
1607091318.1796,36.0
1607091318.1817,38.0
1607091318.1836,33.0
1607091318.1856,28.0
1607091318.1876,26.0
1607091318.1896,21.0
1607091318.1916,19.0
1607091318.1937,21.0
1607091318.1957,21.0
1607091318.1976,21.0
1607091318.1996,21.0
1607091318.2016,21.0
1607091318.2036,19.0
1607091318.2056,14.0
1607091318.2076,14.0
1607091318.2096,31.0
1607091318.2117,55.0
1607091318.2136,62.0
1607091318.2156,55.0
1607091318.2176,43.0
1607091318.2196,31.0
1607091318.2216,24.0
1607091318.2238,21.0
1607091318.2256,24.0
1607091318.2277,26.0
1607091318.2296,24.0
1607091318.2316,19.0
1607091318.2336,19.0
1607091318.2356,14.0
1607091318.2376,-2.0
1607091318.2396,33.0
1607091318.2416,214.0
1607091318.2436,531.0
1607091318.2457,781.0
1607091318.2476,627.0
1607091318.2496,91.0
1607091318.2516,-189.0
1607091318.2536,-31.0
1607091318.2556,24.0
1607091318.2576,-86.0
1607091318.2596,-67.0
1607091318.2617,-19.0
1607091318.2637,-43.0
1607091318.6592,-45.0
1607091318.6603,-21.0
1607091318.6628,-24.0
1607091318.6654,-21.0
1607091318.6673,-9.0
1607091318.6693,-4.0
1607091318.6714,-4.0
1607091318.6734,0.0
1607091318.6754,9.0
1607091318.6774,14.0
1607091318.6793,14.0
1607091318.6813,9.0
1607091318.6833,16.0
1607091318.6853,28.0
1607091318.6873,33.0
1607091318.6893,43.0
1607091318.6913,52.0
1607091318.6932,60.0
1607091318.6953,67.0
1607091318.6972,81.0
1607091318.6992,98.0
1607091318.7012,113.0
1607091318.7032,125.0
1607091318.7053,141.0
1607091318.7072,151.0
1607091318.7092,153.0
1607091318.7113,153.0
1607091318.7132,151.0
1607091318.7153,139.0
1607091318.7172,113.0
1607091318.7194,74.0
1607091318.7213,38.0
1607091318.7232,7.0
1607091318.7253,-14.0
1607091318.7273,-28.0
1607091318.7293,-38.0
1607091318.7312,-43.0
1607091318.7332,-48.0
1607091318.7353,-50.0
1607091318.7372,-40.0
1607091318.7392,-36.0
1607091318.7412,-36.0
1607091318.7434,-36.0
1607091318.7453,-28.0
1607091318.7472,-24.0
1607091318.7492,-21.0
1607091318.7512,-16.0
1607091318.7532,-9.0
1607091318.7553,-4.0
1607091318.7572,-4.0
1607091318.7592,0.0
1607091318.7613,2.0
1607091318.7632,4.0
1607091318.7653,9.0
1607091318.7672,9.0
1607091318.7692,12.0
1607091318.7712,16.0
1607091318.7732,14.0
1607091318.7753,12.0
1607091318.7773,14.0
1607091318.7793,14.0
1607091318.7812,14.0
1607091318.7832,16.0
1607091318.7853,19.0
1607091318.7872,19.0
1607091318.7892,21.0
1607091318.7912,24.0
1607091318.7932,21.0
1607091318.7954,24.0
1607091318.7972,26.0
1607091318.7992,26.0
1607091318.8012,28.0
1607091318.8033,28.0
1607091319.1995,24.0
1607091319.2002,24.0
1607091319.2026,31.0
1607091319.2052,36.0
1607091319.2072,36.0
1607091319.2092,33.0
1607091319.2113,33.0
1607091319.2132,31.0
1607091319.2154,24.0
1607091319.2172,24.0
1607091319.2192,31.0
1607091319.2212,33.0
1607091319.2232,28.0
1607091319.2252,28.0
1607091319.2272,33.0
1607091319.2292,31.0
1607091319.2312,28.0
1607091319.2332,26.0
1607091319.2352,31.0
1607091319.2372,33.0
1607091319.2392,28.0
1607091319.2412,26.0
1607091319.2432,33.0
1607091319.2452,36.0
1607091319.2472,28.0
1607091319.2492,28.0
1607091319.2512,36.0
1607091319.2532,38.0
1607091319.2552,36.0
1607091319.2572,33.0
1607091319.2593,31.0
1607091319.2612,36.0
1607091319.2632,43.0
1607091319.2652,48.0
1607091319.2672,48.0
1607091319.2692,45.0
1607091319.2712,43.0
1607091319.2732,38.0
1607091319.2752,36.0
1607091319.2772,40.0
1607091319.2792,43.0
1607091319.2812,43.0
1607091319.2832,38.0
1607091319.2852,33.0
1607091319.2871,31.0
1607091319.2892,31.0
1607091319.2912,36.0
1607091319.2932,52.0
1607091319.2952,69.0
1607091319.2972,69.0
1607091319.2991,60.0
1607091319.3012,50.0
1607091319.3032,40.0
1607091319.3051,36.0
1607091319.3072,33.0
1607091319.3092,36.0
1607091319.3112,36.0
1607091319.3132,36.0
1607091319.3152,36.0
1607091319.3173,33.0
1607091319.3192,24.0
1607091319.3212,12.0
1607091319.3232,69.0
1607091319.3252,293.0
1607091319.3272,637.0
1607091319.3292,820.0
1607091319.3312,502.0
1607091319.3332,-79.0
1607091319.3352,-209.0
1607091319.3372,26.0
1607091319.3392,24.0
1607091319.3412,-79.0
1607091319.3432,-28.0
1607091319.7698,0.0
1607091319.771,-36.0
1607091319.7734,-24.0
1607091319.7761,2.0
1607091319.7781,-7.0
1607091319.78,-14.0
1607091319.7821,-4.0
1607091319.7841,0.0
1607091319.7861,2.0
1607091319.7881,4.0
1607091319.7901,9.0
1607091319.7921,16.0
1607091319.7941,19.0
1607091319.7961,21.0
1607091319.7981,26.0
1607091319.8,36.0
1607091319.8021,43.0
1607091319.8041,50.0
1607091319.806,62.0
1607091319.808,72.0
1607091319.81,81.0
1607091319.812,96.0
1607091319.814,115.0
1607091319.816,129.0
1607091319.818,144.0
1607091319.8201,158.0
1607091319.8222,175.0
1607091319.824,185.0
1607091319.826,185.0
1607091319.8279,173.0
1607091319.83,151.0
1607091319.832,120.0
1607091319.834,74.0
1607091319.836,33.0
1607091319.838,4.0
1607091319.84,-21.0
1607091319.842,-40.0
1607091319.8453,-48.0
1607091319.8471,-48.0
1607091319.8489,-48.0
1607091319.8509,-52.0
1607091319.853,-52.0
1607091319.855,-48.0
1607091319.857,-48.0
1607091319.8589,-45.0
1607091319.8609,-36.0
1607091319.8629,-28.0
1607091319.865,-26.0
1607091319.8669,-21.0
1607091319.8689,-14.0
1607091319.8709,-12.0
1607091319.8729,-7.0
1607091319.875,-2.0
1607091319.8769,-2.0
1607091319.8789,0.0
1607091319.8809,4.0
1607091319.8829,4.0
1607091319.885,7.0
1607091319.887,9.0
1607091319.8889,9.0
1607091319.8909,9.0
1607091319.8929,9.0
1607091319.8949,9.0
1607091319.8969,9.0
1607091319.8989,14.0
1607091319.9009,16.0
1607091319.9029,14.0
1607091319.905,9.0
1607091319.9069,12.0
1607091319.9089,16.0
1607091319.9109,16.0
1607091319.9129,19.0
1607091319.915,19.0
1607091320.3094,16.0
1607091320.3101,19.0
1607091320.3125,21.0
1607091320.3152,19.0
1607091320.3172,16.0
1607091320.3192,14.0
1607091320.3212,7.0
1607091320.3232,4.0
1607091320.3252,9.0
1607091320.3272,7.0
1607091320.3292,7.0
1607091320.3312,9.0
1607091320.3332,14.0
1607091320.3352,16.0
1607091320.3371,14.0
1607091320.3393,16.0
1607091320.3412,19.0
1607091320.3432,19.0
1607091320.3452,19.0
1607091320.3471,21.0
1607091320.3491,26.0
1607091320.3511,26.0
1607091320.3531,24.0
1607091320.3552,24.0
1607091320.3572,28.0
1607091320.3591,28.0
1607091320.3611,26.0
1607091320.3631,28.0
1607091320.3652,31.0
1607091320.3671,31.0
1607091320.3691,28.0
1607091320.3712,28.0
1607091320.3731,26.0
1607091320.3752,21.0
1607091320.3771,24.0
1607091320.3791,26.0
1607091320.3811,26.0
1607091320.3831,24.0
1607091320.3852,24.0
1607091320.3871,26.0
1607091320.3891,26.0
1607091320.3911,21.0
1607091320.3931,19.0
1607091320.3951,19.0
1607091320.3971,19.0
1607091320.3991,21.0
1607091320.4011,38.0
1607091320.4031,57.0
1607091320.4052,62.0
1607091320.4071,55.0
1607091320.4091,45.0
1607091320.4111,36.0
1607091320.4131,28.0
1607091320.4152,26.0
1607091320.4171,31.0
1607091320.4191,31.0
1607091320.4211,26.0
1607091320.4231,24.0
1607091320.4252,21.0
1607091320.4272,14.0
1607091320.4292,-2.0
1607091320.4311,38.0
1607091320.4331,230.0
1607091320.4352,555.0
1607091320.4371,793.0
1607091320.4391,613.0
1607091320.4413,62.0
1607091320.4432,-202.0
1607091320.4451,-26.0
1607091320.4471,24.0
1607091320.4491,-96.0
1607091320.4511,-76.0
1607091320.4531,-28.0
1607091320.9096,-55.0
1607091320.9105,-55.0
1607091320.913,-31.0
1607091320.9156,-38.0
1607091320.9176,-43.0
1607091320.9196,-28.0
1607091320.9218,-21.0
1607091320.9236,-21.0
1607091320.9256,-14.0
1607091320.9276,-7.0
1607091320.9296,-2.0
1607091320.9316,2.0
1607091320.9336,7.0
1607091320.9356,14.0
1607091320.9375,19.0
1607091320.9395,24.0
1607091320.9415,36.0
1607091320.9435,45.0
1607091320.9486,55.0
1607091320.9492,67.0
1607091320.9505,81.0
1607091320.9525,93.0
1607091320.9545,103.0
1607091320.9565,117.0
1607091320.9585,137.0
1607091320.9605,149.0
1607091320.9625,153.0
1607091320.9645,151.0
1607091320.9666,146.0
1607091320.9685,134.0
1607091320.9705,105.0
1607091320.9725,69.0
1607091320.9745,33.0
1607091320.9765,4.0
1607091320.9785,-21.0
1607091320.9805,-38.0
1607091320.9819,-45.0
1607091320.9835,-48.0
1607091320.9855,-50.0
1607091320.9875,-55.0
1607091320.9895,-52.0
1607091320.9915,-45.0
1607091320.9935,-43.0
1607091320.9955,-40.0
1607091320.9976,-36.0
1607091320.9995,-36.0
1607091321.0015,-31.0
1607091321.0034,-26.0
1607091321.0055,-16.0
1607091321.0075,-12.0
1607091321.0095,-12.0
1607091321.0115,-12.0
1607091321.0135,-7.0
1607091321.015,-2.0
1607091321.0165,0.0
1607091321.0185,-2.0
1607091321.0205,0.0
1607091321.0225,0.0
1607091321.0245,0.0
1607091321.0265,2.0
1607091321.0285,7.0
1607091321.0305,7.0
1607091321.0325,4.0
1607091321.0345,0.0
1607091321.0365,0.0
1607091321.0385,4.0
1607091321.0404,4.0
1607091321.0424,4.0
1607091321.0445,7.0
1607091321.0465,4.0
1607091321.0478,4.0
1607091321.0495,9.0
1607091321.0515,14.0
1607091321.4797,9.0
1607091321.4806,9.0
1607091321.483,12.0
1607091321.4858,14.0
1607091321.4877,14.0
1607091321.4897,16.0
1607091321.4917,19.0
1607091321.4937,19.0
1607091321.4956,9.0
1607091321.4976,4.0
1607091321.4996,9.0
1607091321.5016,14.0
1607091321.5036,12.0
1607091321.5057,9.0
1607091321.5076,9.0
1607091321.5096,9.0
1607091321.5116,12.0
1607091321.5136,12.0
1607091321.5157,12.0
1607091321.5176,12.0
1607091321.5196,14.0
1607091321.5225,16.0
1607091321.5239,16.0
1607091321.5244,16.0
1607091321.5256,16.0
1607091321.5276,16.0
1607091321.5296,12.0
1607091321.5316,14.0
1607091321.5336,16.0
1607091321.5357,14.0
1607091321.5376,16.0
1607091321.5396,19.0
1607091321.5416,16.0
1607091321.5436,19.0
1607091321.5457,19.0
1607091321.5476,19.0
1607091321.5496,19.0
1607091321.5516,21.0
1607091321.5522,21.0
1607091321.5535,19.0
1607091321.5556,21.0
1607091321.5576,21.0
1607091321.5596,24.0
1607091321.5616,21.0
1607091321.5636,21.0
1607091321.5656,21.0
1607091321.5676,21.0
1607091321.5696,19.0
1607091321.5715,16.0
1607091321.5736,16.0
1607091321.5756,16.0
1607091321.5776,14.0
1607091321.5796,12.0
1607091321.5815,12.0
1607091321.5822,9.0
1607091321.5836,2.0
1607091321.5856,-2.0
1607091321.5876,-2.0
1607091321.5896,12.0
1607091321.5916,31.0
1607091321.5936,43.0
1607091321.5956,43.0
1607091321.5976,33.0
1607091321.5996,16.0
1607091321.6016,7.0
1607091321.6036,7.0
1607091321.6056,12.0
1607091321.6076,12.0
1607091321.6096,12.0
1607091321.6116,12.0
1607091321.6122,14.0
1607091321.6136,12.0
1607091321.6156,0.0
1607091322.0197,-2.0
1607091322.0207,96.0
1607091322.0221,353.0
1607091322.0241,678.0
1607091322.0261,767.0
1607091322.0281,370.0
1607091322.0301,-127.0
1607091322.0321,-146.0
1607091322.0341,28.0
1607091322.0361,-38.0
1607091322.0381,-110.0
1607091322.0387,-48.0
1607091322.0401,-38.0
1607091322.0421,-64.0
1607091322.0441,-50.0
1607091322.0461,-28.0
1607091322.0481,-31.0
1607091322.0502,-28.0
1607091322.0521,-19.0
1607091322.0541,-16.0
1607091322.056,-9.0
1607091322.058,-2.0
1607091322.06,2.0
1607091322.062,7.0
1607091322.064,14.0
1607091322.066,16.0
1607091322.068,24.0
1607091322.0687,31.0
1607091322.07,38.0
1607091322.072,45.0
1607091322.074,52.0
1607091322.076,62.0
1607091322.078,72.0
1607091322.08,86.0
1607091322.082,103.0
1607091322.084,120.0
1607091322.0861,132.0
1607091322.088,139.0
1607091322.09,146.0
1607091322.092,156.0
1607091322.0941,156.0
1607091322.0961,146.0
1607091322.098,129.0
1607091322.0987,103.0
1607091322.1,67.0
1607091322.102,28.0
1607091322.104,0.0
1607091322.1061,-21.0
1607091322.108,-43.0
1607091322.1101,-55.0
1607091322.112,-55.0
1607091322.1142,-57.0
1607091322.1161,-60.0
1607091322.118,-55.0
1607091322.12,-50.0
1607091322.122,-48.0
1607091322.124,-43.0
1607091322.1261,-38.0
1607091322.1281,-36.0
1607091322.1287,-28.0
1607091322.1301,-26.0
1607091322.1321,-24.0
1607091322.134,-16.0
1607091322.136,-12.0
1607091322.1381,-12.0
1607091322.14,-12.0
1607091322.142,-7.0
1607091322.144,-7.0
1607091322.1461,-7.0
1607091322.148,-2.0
1607091322.15,0.0
1607091322.1521,0.0
1607091322.154,-2.0
1607091322.5897,-2.0
1607091322.5906,0.0
1607091322.5922,0.0
1607091322.5947,0.0
1607091322.5966,2.0
1607091322.5986,4.0
1607091322.6006,2.0
1607091322.6026,-7.0
1607091322.6046,-9.0
1607091322.6065,-4.0
1607091322.6086,0.0
1607091322.6106,-2.0
1607091322.6125,-2.0
1607091322.6145,2.0
1607091322.6165,7.0
1607091322.6185,4.0
1607091322.6205,4.0
1607091322.6225,9.0
1607091322.6232,12.0
1607091322.6245,7.0
1607091322.6265,7.0
1607091322.6285,9.0
1607091322.6305,12.0
1607091322.6325,12.0
1607091322.6345,14.0
1607091322.6365,19.0
1607091322.6385,19.0
1607091322.6405,19.0
1607091322.6425,16.0
1607091322.6447,12.0
1607091322.6466,9.0
1607091322.6485,9.0
1607091322.6505,14.0
1607091322.6525,14.0
1607091322.6532,14.0
1607091322.6545,14.0
1607091322.6565,19.0
1607091322.6585,19.0
1607091322.6605,16.0
1607091322.6625,14.0
1607091322.6645,16.0
1607091322.6665,16.0
1607091322.6685,7.0
1607091322.6705,7.0
1607091322.6725,16.0
1607091322.6745,19.0
1607091322.6765,14.0
1607091322.6785,14.0
1607091322.6805,16.0
1607091322.6825,16.0
1607091322.6832,16.0
1607091322.6845,19.0
1607091322.6866,21.0
1607091322.6885,19.0
1607091322.6905,16.0
1607091322.6925,16.0
1607091322.6945,19.0
1607091322.6965,16.0
1607091322.6985,14.0
1607091322.7005,14.0
1607091322.7025,12.0
1607091322.7045,7.0
1607091322.7065,12.0
1607091322.7085,16.0
1607091322.7105,14.0
1607091322.7125,7.0
1607091322.7132,4.0
1607091322.7145,9.0
1607091322.7165,21.0
1607091322.7185,43.0
1607091322.7205,55.0
1607091322.7225,50.0
1607091322.7245,40.0
1607091323.129,31.0
1607091323.1297,19.0
1607091323.1321,19.0
1607091323.1348,24.0
1607091323.1368,21.0
1607091323.1387,19.0
1607091323.1394,24.0
1607091323.141,24.0
1607091323.1429,12.0
1607091323.1448,-2.0
1607091323.1467,12.0
1607091323.1487,144.0
1607091323.1507,442.0
1607091323.1527,759.0
1607091323.1547,735.0
1607091323.1567,209.0
1607091323.1587,-235.0
1607091323.1613,-120.0
1607091323.1633,48.0
1607091323.1647,-57.0
1607091323.1667,-84.0
1607091323.1687,-16.0
1607091323.1707,-31.0
1607091323.1727,-48.0
1607091323.1747,-19.0
1607091323.1766,-14.0
1607091323.1787,-21.0
1607091323.1806,-12.0
1607091323.1826,-4.0
1607091323.1847,-2.0
1607091323.1867,7.0
1607091323.1887,14.0
1607091323.1907,14.0
1607091323.1927,16.0
1607091323.1947,19.0
1607091323.1967,21.0
1607091323.1987,31.0
1607091323.2007,38.0
1607091323.2027,45.0
1607091323.2047,55.0
1607091323.2067,60.0
1607091323.2087,69.0
1607091323.2107,81.0
1607091323.2127,96.0
1607091323.2147,113.0
1607091323.2167,129.0
1607091323.2187,144.0
1607091323.2207,156.0
1607091323.2227,165.0
1607091323.2247,173.0
1607091323.2267,173.0
1607091323.2286,161.0
1607091323.2306,137.0
1607091323.2327,96.0
1607091323.2347,52.0
1607091323.2366,19.0
1607091323.2387,-9.0
1607091323.2406,-33.0
1607091323.2428,-48.0
1607091323.2447,-57.0
1607091323.2467,-62.0
1607091323.2486,-62.0
1607091323.2507,-60.0
1607091323.2527,-57.0
1607091323.2548,-50.0
1607091323.2566,-48.0
1607091323.2587,-48.0
1607091323.2607,-40.0
1607091323.2627,-33.0
1607091323.2646,-26.0
1607091323.2666,-26.0
1607091323.2686,-21.0
1607091323.2707,-16.0
1607091323.6997,-14.0
1607091323.7006,-12.0
1607091323.7031,-7.0
1607091323.7057,-2.0
1607091323.7077,-4.0
1607091323.7097,-12.0
1607091323.7117,-16.0
1607091323.7137,-12.0
1607091323.7158,-4.0
1607091323.7177,-7.0
1607091323.7197,-9.0
1607091323.7217,-7.0
1607091323.7237,-2.0
1607091323.7257,-7.0
1607091323.7277,-7.0
1607091323.7296,0.0
1607091323.7316,0.0
1607091323.7336,-2.0
1607091323.7357,-2.0
1607091323.7376,2.0
1607091323.7396,2.0
1607091323.7416,4.0
1607091323.7436,4.0
1607091323.7457,7.0
1607091323.7477,7.0
1607091323.7496,9.0
1607091323.7516,9.0
1607091323.7536,7.0
1607091323.7556,4.0
1607091323.7576,7.0
1607091323.7596,9.0
1607091323.7616,9.0
1607091323.7636,9.0
1607091323.7657,4.0
1607091323.7676,7.0
1607091323.7696,12.0
1607091323.7718,14.0
1607091323.7737,14.0
1607091323.7757,14.0
1607091323.7776,16.0
1607091323.7796,16.0
1607091323.7816,16.0
1607091323.7836,14.0
1607091323.7856,14.0
1607091323.7876,16.0
1607091323.7896,16.0
1607091323.7916,14.0
1607091323.7936,16.0
1607091323.7956,19.0
1607091323.7976,21.0
1607091323.7996,24.0
1607091323.8016,24.0
1607091323.8036,21.0
1607091323.8056,24.0
1607091323.8076,24.0
1607091323.8096,24.0
1607091323.8116,21.0
1607091323.8136,19.0
1607091323.8156,19.0
1607091323.8176,24.0
1607091323.8196,24.0
1607091323.8216,24.0
1607091323.8236,28.0
1607091323.8256,28.0
1607091323.8276,26.0
1607091323.8296,28.0
1607091323.8316,31.0
1607091323.8336,31.0
1607091323.8356,31.0
1607091323.8376,33.0
1607091323.8396,36.0
1607091323.8416,31.0
1607091323.8436,28.0
1607091324.3292,31.0
1607091324.33,31.0
1607091324.3311,33.0
1607091324.3331,52.0
1607091324.3352,72.0
1607091324.3371,72.0
1607091324.3391,60.0
1607091324.3412,43.0
1607091324.3431,28.0
1607091324.3451,26.0
1607091324.3471,26.0
1607091324.3491,28.0
1607091324.3511,31.0
1607091324.3531,31.0
1607091324.3553,31.0
1607091324.3571,26.0
1607091324.3591,16.0
1607091324.3611,14.0
1607091324.3631,101.0
1607091324.3651,355.0
1607091324.367,682.0
1607091324.369,795.0
1607091324.371,428.0
1607091324.373,-93.0
1607091324.3751,-149.0
1607091324.3771,38.0
1607091324.379,-16.0
1607091324.381,-93.0
1607091324.383,-28.0
1607091324.3851,-16.0
1607091324.387,-48.0
1607091324.389,-28.0
1607091324.391,-12.0
1607091324.393,-21.0
1607091324.395,-19.0
1607091324.397,-7.0
1607091324.399,-2.0
1607091324.401,2.0
1607091324.4031,7.0
1607091324.4051,12.0
1607091324.407,16.0
1607091324.409,21.0
1607091324.411,24.0
1607091324.413,31.0
1607091324.4151,38.0
1607091324.417,45.0
1607091324.419,50.0
1607091324.421,60.0
1607091324.423,69.0
1607091324.4251,79.0
1607091324.427,88.0
1607091324.429,103.0
1607091324.431,120.0
1607091324.433,134.0
1607091324.435,144.0
1607091324.4371,153.0
1607091324.439,161.0
1607091324.441,161.0
1607091324.443,153.0
1607091324.4451,141.0
1607091324.447,115.0
1607091324.449,76.0
1607091324.451,40.0
1607091324.453,12.0
1607091324.4551,-14.0
1607091324.4572,-36.0
1607091324.4591,-43.0
1607091324.4611,-45.0
1607091324.463,-50.0
1607091324.4651,-52.0
1607091324.467,-48.0
1607091324.469,-43.0
1607091324.471,-43.0
1607091324.8396,-43.0
1607091324.8404,-38.0
1607091324.8429,-33.0
1607091324.8456,-28.0
1607091324.8475,-24.0
1607091324.8495,-21.0
1607091324.8516,-16.0
1607091324.8535,-12.0
1607091324.8555,-9.0
1607091324.8575,-7.0
1607091324.8597,-2.0
1607091324.8615,-2.0
1607091324.8635,-9.0
1607091324.8655,-14.0
1607091324.8674,-12.0
1607091324.8695,-12.0
1607091324.8714,-16.0
1607091324.8734,-14.0
1607091324.8755,-9.0
1607091324.8774,-12.0
1607091324.8795,-12.0
1607091324.8814,-7.0
1607091324.8821,-2.0
1607091324.8834,-2.0
1607091324.8854,-2.0
1607091324.8874,0.0
1607091324.8894,0.0
1607091324.8914,0.0
1607091324.8935,2.0
1607091324.8955,4.0
1607091324.8974,7.0
1607091324.8994,2.0
1607091324.9014,2.0
1607091324.9034,7.0
1607091324.9055,7.0
1607091324.9074,7.0
1607091324.9095,12.0
1607091324.9114,14.0
1607091324.9121,12.0
1607091324.9134,12.0
1607091324.9155,14.0
1607091324.9175,16.0
1607091324.9194,19.0
1607091324.9216,16.0
1607091324.9235,16.0
1607091324.9254,19.0
1607091324.9274,21.0
1607091324.9294,19.0
1607091324.9314,21.0
1607091324.9334,21.0
1607091324.9355,21.0
1607091324.9374,19.0
1607091324.9394,19.0
1607091324.9414,19.0
1607091324.9421,16.0
1607091324.9434,14.0
1607091324.9455,9.0
1607091324.9474,9.0
1607091324.9494,9.0
1607091324.9514,12.0
1607091324.9534,14.0
1607091324.9555,14.0
1607091324.9574,12.0
1607091324.9594,14.0
1607091324.9614,21.0
1607091324.9634,24.0
1607091324.9655,21.0
1607091324.9674,24.0
1607091324.9694,28.0
1607091324.9714,28.0
1607091324.9721,28.0
1607091324.9734,31.0
1607091324.9755,33.0
1607091325.4096,33.0
1607091325.4104,28.0
1607091325.4129,28.0
1607091325.4155,26.0
1607091325.4175,21.0
1607091325.4195,16.0
1607091325.4216,16.0
1607091325.4235,26.0
1607091325.4255,43.0
1607091325.4275,48.0
1607091325.4295,40.0
1607091325.4301,38.0
1607091325.4315,28.0
1607091325.4335,16.0
1607091325.4355,12.0
1607091325.4374,14.0
1607091325.4394,14.0
1607091325.4414,12.0
1607091325.4434,14.0
1607091325.4455,16.0
1607091325.4474,14.0
1607091325.4496,0.0
1607091325.4516,28.0
1607091325.4534,197.0
1607091325.4555,507.0
1607091325.4574,776.0
1607091325.4581,670.0
1607091325.4595,144.0
1607091325.4614,-197.0
1607091325.4634,-52.0
1607091325.4655,43.0
1607091325.4674,-74.0
1607091325.4694,-74.0
1607091325.4714,-12.0
1607091325.4734,-33.0
1607091325.4755,-45.0
1607091325.4774,-19.0
1607091325.4794,-16.0
1607091325.4814,-19.0
1607091325.4834,-7.0
1607091325.4855,-2.0
1607091325.4874,-4.0
1607091325.4881,2.0
1607091325.4894,9.0
1607091325.4914,12.0
1607091325.4935,16.0
1607091325.4955,21.0
1607091325.4974,24.0
1607091325.4994,24.0
1607091325.5014,33.0
1607091325.5034,45.0
1607091325.5055,50.0
1607091325.5074,57.0
1607091325.5095,72.0
1607091325.5114,84.0
1607091325.5134,91.0
1607091325.5154,105.0
1607091325.5174,125.0
1607091325.5181,141.0
1607091325.5194,149.0
1607091325.5214,158.0
1607091325.5234,168.0
1607091325.5255,168.0
1607091325.5274,158.0
1607091325.5294,137.0
1607091325.5314,105.0
1607091325.5334,67.0
1607091325.5355,31.0
1607091325.5374,4.0
1607091325.5394,-19.0
1607091325.5414,-36.0
1607091325.5434,-43.0
1607091325.5456,-45.0
1607091325.9497,-48.0
1607091325.9505,-48.0
1607091325.9523,-43.0
1607091325.9542,-38.0
1607091325.9562,-36.0
1607091325.9582,-36.0
1607091325.9602,-33.0
1607091325.9622,-24.0
1607091325.9642,-16.0
1607091325.9662,-19.0
1607091325.9682,-21.0
1607091325.9702,-16.0
1607091325.9722,-9.0
1607091325.9742,-2.0
1607091325.9762,0.0
1607091325.9782,2.0
1607091325.9788,9.0
1607091325.9801,14.0
1607091325.9821,16.0
1607091325.9841,19.0
1607091325.9861,16.0
1607091325.9881,16.0
1607091325.9901,19.0
1607091325.9921,19.0
1607091325.9941,19.0
1607091325.9962,21.0
1607091325.9981,21.0
1607091326.0001,21.0
1607091326.0021,21.0
1607091326.0041,19.0
1607091326.0061,16.0
1607091326.0081,16.0
1607091326.0088,16.0
1607091326.0101,16.0
1607091326.0121,14.0
1607091326.0141,14.0
1607091326.0161,12.0
1607091326.0181,14.0
1607091326.0201,14.0
1607091326.0221,16.0
1607091326.0241,14.0
1607091326.0262,14.0
1607091326.0281,14.0
1607091326.0301,16.0
1607091326.0321,14.0
1607091326.0341,7.0
1607091326.0361,9.0
1607091326.0381,14.0
1607091326.0464,16.0
1607091326.0481,12.0
1607091326.0503,12.0
1607091326.0522,16.0
1607091326.0541,16.0
1607091326.0561,14.0
1607091326.0582,16.0
1607091326.0602,21.0
1607091326.0621,19.0
1607091326.0641,16.0
1607091326.0661,19.0
1607091326.0681,19.0
1607091326.0702,19.0
1607091326.0721,21.0
1607091326.0741,26.0
1607091326.0748,21.0
1607091326.0761,14.0
1607091326.0781,12.0
1607091326.0801,14.0
1607091326.0821,14.0
1607091326.0841,12.0
1607091326.0862,7.0
1607091326.0881,9.0
1607091326.0901,12.0
1607091326.0921,14.0
1607091326.4897,12.0
1607091326.4905,9.0
1607091326.493,7.0
1607091326.4956,7.0
1607091326.4963,14.0
1607091326.4985,38.0
1607091326.5005,52.0
1607091326.5025,43.0
1607091326.5045,31.0
1607091326.5065,19.0
1607091326.5085,7.0
1607091326.5105,4.0
1607091326.5125,9.0
1607091326.5145,12.0
1607091326.5165,14.0
1607091326.5185,14.0
1607091326.5205,16.0
1607091326.5225,14.0
1607091326.5245,0.0
1607091326.5265,36.0
1607091326.5272,230.0
1607091326.5295,569.0
1607091326.5315,822.0
1607091326.5335,615.0
1607091326.5355,21.0
1607091326.5375,-245.0
1607091326.5395,-26.0
1607091326.5415,48.0
1607091326.5436,-69.0
1607091326.5456,-48.0
1607091326.5475,2.0
1607091326.5495,-31.0
1607091326.5515,-28.0
1607091326.5535,0.0
1607091326.5555,-2.0
1607091326.5575,-4.0
1607091326.5582,9.0
1607091326.5606,12.0
1607091326.5625,9.0
1607091326.5645,16.0
1607091326.5665,24.0
1607091326.5685,26.0
1607091326.5705,28.0
1607091326.5725,33.0
1607091326.5745,38.0
1607091326.5765,48.0
1607091326.5785,52.0
1607091326.5805,57.0
1607091326.5825,64.0
1607091326.5845,74.0
1607091326.5865,86.0
1607091326.5885,98.0
1607091326.5892,113.0
1607091326.5915,122.0
1607091326.5935,137.0
1607091326.5956,151.0
1607091326.5975,161.0
1607091326.5995,165.0
1607091326.6015,165.0
1607091326.6035,165.0
1607091326.6055,153.0
1607091326.6076,120.0
1607091326.6095,79.0
1607091326.6115,38.0
1607091326.6135,2.0
1607091326.6156,-26.0
1607091326.6175,-45.0
1607091326.6195,-57.0
1607091326.6203,-64.0
1607091326.6225,-64.0
1607091326.6245,-62.0
1607091326.6265,-62.0
1607091326.6285,-60.0
1607091327.0593,-57.0
1607091327.0604,-52.0
1607091327.0628,-45.0
1607091327.0654,-38.0
1607091327.0674,-40.0
1607091327.0694,-43.0
1607091327.0717,-38.0
1607091327.0735,-31.0
1607091327.0754,-28.0
1607091327.0761,-28.0
1607091327.0783,-24.0
1607091327.0803,-21.0
1607091327.0823,-19.0
1607091327.0844,-14.0
1607091327.0863,-14.0
1607091327.0883,-12.0
1607091327.0903,-9.0
1607091327.0923,-9.0
1607091327.0943,-9.0
1607091327.0963,-9.0
1607091327.0983,-9.0
1607091327.1003,-9.0
1607091327.1023,-7.0
1607091327.1043,-4.0
1607091327.1064,-4.0
1607091327.1071,-2.0
1607091327.1093,0.0
1607091327.1113,0.0
1607091327.1133,0.0
1607091327.1154,0.0
1607091327.1173,2.0
1607091327.1193,4.0
1607091327.1213,4.0
1607091327.1233,4.0
1607091327.1253,4.0
1607091327.1273,7.0
1607091327.1293,12.0
1607091327.1314,14.0
1607091327.1333,14.0
1607091327.1353,16.0
1607091327.1373,19.0
1607091327.138,24.0
1607091327.1403,26.0
1607091327.1423,24.0
1607091327.1443,26.0
1607091327.1463,28.0
1607091327.1483,31.0
1607091327.1503,33.0
1607091327.1523,36.0
1607091327.1543,33.0
1607091327.1563,31.0
1607091327.1583,31.0
1607091327.1603,33.0
1607091327.1623,28.0
1607091327.1643,26.0
1607091327.1663,28.0
1607091327.1683,31.0
1607091327.1691,31.0
1607091327.1704,31.0
1607091327.1723,28.0
1607091327.1743,28.0
1607091327.1763,28.0
1607091327.1783,31.0
1607091327.1803,33.0
1607091327.1823,31.0
1607091327.1843,26.0
1607091327.1863,26.0
1607091327.1883,26.0
1607091327.1903,24.0
1607091327.1924,21.0
1607091327.1943,19.0
1607091327.1963,19.0
1607091327.1983,31.0
1607091327.6592,52.0
1607091327.6601,62.0
1607091327.6625,52.0
1607091327.6652,40.0
1607091327.6672,28.0
1607091327.6691,14.0
1607091327.6712,4.0
1607091327.6731,7.0
1607091327.6752,12.0
1607091327.6771,9.0
1607091327.6791,9.0
1607091327.6811,9.0
1607091327.6831,4.0
1607091327.6851,-9.0
1607091327.6872,16.0
1607091327.6879,187.0
1607091327.6901,507.0
1607091327.6921,781.0
1607091327.6941,661.0
1607091327.696,117.0
1607091327.698,-218.0
1607091327.7,-67.0
1607091327.702,24.0
1607091327.704,-91.0
1607091327.7061,-88.0
1607091327.7081,-31.0
1607091327.71,-57.0
1607091327.7121,-64.0
1607091327.714,-36.0
1607091327.7161,-36.0
1607091327.7181,-40.0
1607091327.7187,-28.0
1607091327.72,-21.0
1607091327.722,-21.0
1607091327.7241,-14.0
1607091327.7263,-7.0
1607091327.7281,-2.0
1607091327.73,2.0
1607091327.732,9.0
1607091327.7341,16.0
1607091327.7361,24.0
1607091327.738,26.0
1607091327.7401,26.0
1607091327.742,33.0
1607091327.744,43.0
1607091327.7461,52.0
1607091327.748,64.0
1607091327.7487,79.0
1607091327.75,98.0
1607091327.752,113.0
1607091327.7541,127.0
1607091327.756,139.0
1607091327.758,144.0
1607091327.76,149.0
1607091327.762,151.0
1607091327.764,141.0
1607091327.766,117.0
1607091327.768,81.0
1607091327.77,48.0
1607091327.772,19.0
1607091327.7741,-9.0
1607091327.7761,-28.0
1607091327.7781,-40.0
1607091327.7787,-50.0
1607091327.78,-50.0
1607091327.7821,-48.0
1607091327.784,-48.0
1607091327.7861,-45.0
1607091327.788,-40.0
1607091327.7901,-38.0
1607091327.792,-33.0
1607091327.794,-26.0
1607091327.7961,-21.0
1607091328.1994,-16.0
1607091328.2001,-12.0
1607091328.2025,-12.0
1607091328.2053,-12.0
1607091328.2059,-4.0
1607091328.2073,0.0
1607091328.2091,0.0
1607091328.2112,-2.0
1607091328.2132,0.0
1607091328.2152,4.0
1607091328.2171,2.0
1607091328.2191,-7.0
1607091328.2211,-7.0
1607091328.2233,-2.0
1607091328.2252,-4.0
1607091328.2271,-9.0
1607091328.2291,-4.0
1607091328.2311,-2.0
1607091328.2331,-4.0
1607091328.2338,-4.0
1607091328.2352,-4.0
1607091328.2371,0.0
1607091328.2391,0.0
1607091328.2411,-2.0
1607091328.2431,0.0
1607091328.2451,4.0
1607091328.2471,2.0
1607091328.2491,0.0
1607091328.2511,4.0
1607091328.2531,9.0
1607091328.2551,7.0
1607091328.2571,7.0
1607091328.2591,9.0
1607091328.2611,12.0
1607091328.2631,7.0
1607091328.2638,2.0
1607091328.2652,4.0
1607091328.2671,9.0
1607091328.2691,7.0
1607091328.2711,7.0
1607091328.2731,12.0
1607091328.2751,14.0
1607091328.2771,16.0
1607091328.2791,19.0
1607091328.2811,16.0
1607091328.2831,16.0
1607091328.2852,21.0
1607091328.2871,21.0
1607091328.2891,21.0
1607091328.2911,26.0
1607091328.2931,26.0
1607091328.2938,26.0
1607091328.2952,28.0
1607091328.2971,31.0
1607091328.2991,28.0
1607091328.3011,28.0
1607091328.3031,31.0
1607091328.3051,31.0
1607091328.3071,31.0
1607091328.3091,31.0
1607091328.3111,31.0
1607091328.3131,28.0
1607091328.3151,26.0
1607091328.3171,28.0
1607091328.3193,31.0
1607091328.3211,28.0
1607091328.3231,28.0
1607091328.3238,26.0
1607091328.3251,24.0
1607091328.3271,21.0
1607091328.3291,21.0
1607091328.3311,21.0
1607091328.3331,24.0
1607091328.7997,26.0
1607091328.8005,38.0
1607091328.8029,55.0
1607091328.8056,62.0
1607091328.8076,55.0
1607091328.8096,40.0
1607091328.8117,31.0
1607091328.8135,21.0
1607091328.8156,14.0
1607091328.8175,12.0
1607091328.8182,14.0
1607091328.8196,12.0
1607091328.8215,7.0
1607091328.8235,4.0
1607091328.8256,0.0
1607091328.8275,-9.0
1607091328.8295,48.0
1607091328.8315,266.0
1607091328.8335,596.0
1607091328.8355,783.0
1607091328.8375,517.0
1607091328.8395,-26.0
1607091328.8415,-192.0
1607091328.8435,-2.0
1607091328.8455,-4.0
1607091328.8475,-103.0
1607091328.8481,-62.0
1607091328.8495,-38.0
1607091328.8515,-69.0
1607091328.8535,-60.0
1607091328.8555,-38.0
1607091328.8575,-40.0
1607091328.8595,-36.0
1607091328.8615,-24.0
1607091328.8635,-19.0
1607091328.8655,-16.0
1607091328.8675,-12.0
1607091328.8695,-7.0
1607091328.8715,2.0
1607091328.8735,7.0
1607091328.8755,9.0
1607091328.8775,19.0
1607091328.8783,28.0
1607091328.8795,31.0
1607091328.8815,38.0
1607091328.8835,50.0
1607091328.8855,57.0
1607091328.8875,69.0
1607091328.8895,84.0
1607091328.8915,93.0
1607091328.8935,105.0
1607091328.8956,120.0
1607091328.8975,134.0
1607091328.8995,146.0
1607091328.9015,153.0
1607091328.9035,156.0
1607091328.9055,153.0
1607091328.9075,141.0
1607091328.9082,115.0
1607091328.9094,79.0
1607091328.9115,43.0
1607091328.9135,12.0
1607091328.9156,-12.0
1607091328.9175,-26.0
1607091328.9195,-36.0
1607091328.9215,-40.0
1607091328.9235,-45.0
1607091328.9255,-43.0
1607091328.9275,-40.0
1607091328.9295,-38.0
1607091328.9315,-38.0
1607091328.9335,-31.0
1607091328.9355,-24.0
1607091329.3094,-24.0
1607091329.3101,-21.0
1607091329.3124,-16.0
1607091329.3142,-12.0
1607091329.3161,-4.0
1607091329.3181,0.0
1607091329.3201,0.0
1607091329.3221,0.0
1607091329.3241,-2.0
1607091329.3261,-7.0
1607091329.3281,-7.0
1607091329.3301,-2.0
1607091329.3321,-2.0
1607091329.3341,-9.0
1607091329.3348,-14.0
1607091329.336,-9.0
1607091329.3381,-7.0
1607091329.34,-12.0
1607091329.3421,-12.0
1607091329.3441,-9.0
1607091329.3462,-12.0
1607091329.3481,-12.0
1607091329.35,-7.0
1607091329.3521,-7.0
1607091329.354,-9.0
1607091329.3561,-7.0
1607091329.3581,-2.0
1607091329.3601,0.0
1607091329.362,-2.0
1607091329.364,0.0
1607091329.3648,7.0
1607091329.3661,9.0
1607091329.368,7.0
1607091329.3701,7.0
1607091329.372,9.0
1607091329.374,14.0
1607091329.3761,12.0
1607091329.3781,12.0
1607091329.3801,14.0
1607091329.382,19.0
1607091329.384,16.0
1607091329.3861,12.0
1607091329.388,14.0
1607091329.39,19.0
1607091329.3921,19.0
1607091329.3941,19.0
1607091329.3948,19.0
1607091329.3961,21.0
1607091329.398,24.0
1607091329.4,24.0
1607091329.402,21.0
1607091329.404,19.0
1607091329.4061,21.0
1607091329.408,26.0
1607091329.41,24.0
1607091329.412,21.0
1607091329.414,24.0
1607091329.4161,26.0
1607091329.4181,26.0
1607091329.42,28.0
1607091329.422,28.0
1607091329.424,28.0
1607091329.4248,28.0
1607091329.4261,28.0
1607091329.4281,31.0
1607091329.4301,28.0
1607091329.432,26.0
1607091329.434,26.0
1607091329.4361,26.0
1607091329.4368,26.0
1607091329.439,31.0
1607091329.4413,26.0
1607091329.4431,19.0
1607091329.8796,19.0
1607091329.8805,19.0
1607091329.8829,21.0
1607091329.8846,36.0
1607091329.8851,55.0
1607091329.8865,57.0
1607091329.8885,45.0
1607091329.8905,31.0
1607091329.8925,19.0
1607091329.8945,14.0
1607091329.8966,12.0
1607091329.8985,7.0
1607091329.9005,4.0
1607091329.9025,4.0
1607091329.9045,7.0
1607091329.9065,7.0
1607091329.9085,-2.0
1607091329.9105,-16.0
1607091329.9125,24.0
1607091329.9145,223.0
1607091329.9151,560.0
1607091329.9165,795.0
1607091329.9185,565.0
1607091329.9205,-26.0
1607091329.9225,-252.0
1607091329.9245,-31.0
1607091329.9265,16.0
1607091329.9284,-101.0
1607091329.9304,-67.0
1607091329.9324,-19.0
1607091329.9344,-55.0
1607091329.9364,-50.0
1607091329.9385,-21.0
1607091329.9404,-24.0
1607091329.9424,-28.0
1607091329.9444,-19.0
1607091329.9451,-12.0
1607091329.9464,-9.0
1607091329.9484,-7.0
1607091329.9505,2.0
1607091329.9524,9.0
1607091329.9544,12.0
1607091329.9564,14.0
1607091329.9584,21.0
1607091329.9605,31.0
1607091329.9625,38.0
1607091329.9644,40.0
1607091329.9665,45.0
1607091329.9684,60.0
1607091329.9707,74.0
1607091329.9725,86.0
1607091329.9745,103.0
1607091329.9751,117.0
1607091329.9765,127.0
1607091329.9784,141.0
1607091329.9804,158.0
1607091329.9824,170.0
1607091329.9844,173.0
1607091329.9865,168.0
1607091329.9884,151.0
1607091329.9904,125.0
1607091329.9924,88.0
1607091329.9944,48.0
1607091329.9965,12.0
1607091329.9985,-12.0
1607091330.0004,-31.0
1607091330.0024,-40.0
1607091330.0044,-43.0
1607091330.0051,-48.0
1607091330.0065,-50.0
1607091330.0084,-52.0
1607091330.0105,-52.0
1607091330.0124,-48.0
1607091330.4195,-45.0
1607091330.4202,-43.0
1607091330.4228,-36.0
1607091330.4254,-26.0
1607091330.4273,-28.0
1607091330.4293,-31.0
1607091330.4314,-26.0
1607091330.4333,-24.0
1607091330.4339,-28.0
1607091330.4353,-28.0
1607091330.4373,-21.0
1607091330.4393,-19.0
1607091330.4413,-16.0
1607091330.4433,-14.0
1607091330.4453,-14.0
1607091330.4474,-14.0
1607091330.4492,-14.0
1607091330.4512,-12.0
1607091330.4532,-12.0
1607091330.4553,-12.0
1607091330.4572,-12.0
1607091330.4593,-9.0
1607091330.4612,-7.0
1607091330.4632,-7.0
1607091330.4639,-7.0
1607091330.4653,-2.0
1607091330.4672,0.0
1607091330.4694,-4.0
1607091330.4713,-4.0
1607091330.4732,0.0
1607091330.4753,4.0
1607091330.4772,4.0
1607091330.4792,2.0
1607091330.4812,-2.0
1607091330.4832,0.0
1607091330.4853,2.0
1607091330.4872,4.0
1607091330.4892,9.0
1607091330.4912,9.0
1607091330.4932,7.0
1607091330.4938,9.0
1607091330.4953,12.0
1607091330.4972,9.0
1607091330.4992,9.0
1607091330.5012,12.0
1607091330.5033,14.0
1607091330.5053,14.0
1607091330.5072,16.0
1607091330.5093,16.0
1607091330.5112,16.0
1607091330.5132,16.0
1607091330.5153,16.0
1607091330.5172,16.0
1607091330.5192,16.0
1607091330.5212,14.0
1607091330.5232,16.0
1607091330.5238,19.0
1607091330.5253,19.0
1607091330.5272,19.0
1607091330.5292,19.0
1607091330.5312,21.0
1607091330.5332,19.0
1607091330.5353,16.0
1607091330.5372,14.0
1607091330.5392,14.0
1607091330.5412,14.0
1607091330.5432,14.0
1607091330.5453,12.0
1607091330.5472,12.0
1607091330.5492,4.0
1607091330.5512,-2.0
1607091330.5532,0.0
1607091330.5539,19.0
1607091331.0188,36.0
1607091331.0194,40.0
1607091331.0208,36.0
1607091331.0228,26.0
1607091331.0248,9.0
1607091331.027,-2.0
1607091331.0288,-2.0
1607091331.0308,-2.0
1607091331.0328,-2.0
1607091331.0348,-2.0
1607091331.0368,2.0
1607091331.0388,0.0
1607091331.0394,-12.0
1607091331.0408,-26.0
1607091331.0428,21.0
1607091331.0447,228.0
1607091331.0467,562.0
1607091331.0487,786.0
1607091331.0507,560.0
1607091331.0527,-7.0
1607091331.0548,-238.0
1607091331.0567,-38.0
1607091331.0587,0.0
1607091331.0607,-115.0
1607091331.0627,-88.0
1607091331.0648,-45.0
1607091331.0668,-72.0
1607091331.0687,-69.0
1607091331.0694,-45.0
1607091331.0707,-45.0
1607091331.0727,-43.0
1607091331.0748,-31.0
1607091331.0767,-28.0
1607091331.0787,-26.0
1607091331.0807,-16.0
1607091331.0827,-9.0
1607091331.0848,-7.0
1607091331.0867,0.0
1607091331.0887,7.0
1607091331.0907,12.0
1607091331.0927,14.0
1607091331.0948,21.0
1607091331.0967,33.0
1607091331.0987,43.0
1607091331.0993,50.0
1607091331.1007,60.0
1607091331.1027,74.0
1607091331.1048,86.0
1607091331.1067,98.0
1607091331.1087,117.0
1607091331.1107,132.0
1607091331.1127,139.0
1607091331.1148,149.0
1607091331.1167,153.0
1607091331.1187,149.0
1607091331.1207,132.0
1607091331.1229,105.0
1607091331.1248,72.0
1607091331.1268,38.0
1607091331.1287,4.0
1607091331.1293,-21.0
1607091331.1307,-38.0
1607091331.1327,-52.0
1607091331.1348,-64.0
1607091331.1368,-67.0
1607091331.1387,-62.0
1607091331.1407,-60.0
1607091331.1427,-60.0
1607091331.1448,-55.0
1607091331.1467,-52.0
1607091331.1487,-45.0
1607091331.1508,-40.0
1607091331.1527,-38.0
1607091331.5593,-33.0
1607091331.5602,-26.0
1607091331.5626,-26.0
1607091331.5638,-21.0
1607091331.5653,-16.0
1607091331.5673,-16.0
1607091331.5693,-14.0
1607091331.5713,-14.0
1607091331.5733,-14.0
1607091331.5753,-14.0
1607091331.5772,-19.0
1607091331.5792,-21.0
1607091331.5812,-14.0
1607091331.5832,-14.0
1607091331.5853,-21.0
1607091331.5873,-21.0
1607091331.5892,-14.0
1607091331.5912,-14.0
1607091331.5932,-14.0
1607091331.5938,-9.0
1607091331.5954,-4.0
1607091331.5973,-9.0
1607091331.5992,-7.0
1607091331.6012,-2.0
1607091331.6032,0.0
1607091331.6052,0.0
1607091331.6072,2.0
1607091331.6092,4.0
1607091331.6112,7.0
1607091331.6132,7.0
1607091331.6152,9.0
1607091331.6172,9.0
1607091331.6192,9.0
1607091331.6212,12.0
1607091331.6233,14.0
1607091331.6238,14.0
1607091331.6253,14.0
1607091331.6272,14.0
1607091331.6292,14.0
1607091331.6312,16.0
1607091331.6332,19.0
1607091331.6352,19.0
1607091331.6372,19.0
1607091331.6392,21.0
1607091331.6412,21.0
1607091331.6432,21.0
1607091331.6452,16.0
1607091331.6472,19.0
1607091331.6492,24.0
1607091331.6513,21.0
1607091331.6534,21.0
1607091331.6538,21.0
1607091331.6552,21.0
1607091331.6572,21.0
1607091331.6592,21.0
1607091331.6613,19.0
1607091331.6632,14.0
1607091331.6652,14.0
1607091331.6672,16.0
1607091331.6692,16.0
1607091331.6712,14.0
1607091331.6732,14.0
1607091331.6752,16.0
1607091331.6772,16.0
1607091331.6792,16.0
1607091331.6813,16.0
1607091331.6833,21.0
1607091331.6837,21.0
1607091331.6854,21.0
1607091331.6874,19.0
1607091331.6893,19.0
1607091331.6914,19.0
1607091331.6933,16.0
1607091332.1293,14.0
1607091332.1301,16.0
1607091332.1325,33.0
1607091332.1343,55.0
1607091332.1362,57.0
1607091332.1382,48.0
1607091332.1402,38.0
1607091332.1422,19.0
1607091332.1428,2.0
1607091332.1442,2.0
1607091332.1462,4.0
1607091332.1482,4.0
1607091332.1504,4.0
1607091332.1523,7.0
1607091332.1542,7.0
1607091332.1561,0.0
1607091332.1581,-12.0
1607091332.1601,26.0
1607091332.1621,211.0
1607091332.1641,533.0
1607091332.1661,781.0
1607091332.1681,618.0
1607091332.1701,79.0
1607091332.1721,-197.0
1607091332.1727,-36.0
1607091332.1741,19.0
1607091332.1761,-93.0
1607091332.1781,-76.0
1607091332.1801,-28.0
1607091332.1821,-55.0
1607091332.1841,-57.0
1607091332.1862,-33.0
1607091332.1881,-33.0
1607091332.1901,-31.0
1607091332.1922,-19.0
1607091332.1941,-14.0
1607091332.1962,-14.0
1607091332.1981,-14.0
1607091332.2001,-7.0
1607091332.2021,0.0
1607091332.2027,7.0
1607091332.2041,9.0
1607091332.2061,14.0
1607091332.2081,21.0
1607091332.2101,28.0
1607091332.2121,36.0
1607091332.2141,43.0
1607091332.2162,52.0
1607091332.2181,57.0
1607091332.2201,64.0
1607091332.2221,79.0
1607091332.2241,93.0
1607091332.2261,110.0
1607091332.2281,122.0
1607091332.2301,129.0
1607091332.2321,137.0
1607091332.2327,144.0
1607091332.2341,144.0
1607091332.2361,134.0
1607091332.2381,113.0
1607091332.2401,84.0
1607091332.2421,48.0
1607091332.2441,19.0
1607091332.2463,-7.0
1607091332.2482,-24.0
1607091332.2501,-38.0
1607091332.2521,-50.0
1607091332.2541,-55.0
1607091332.2562,-52.0
1607091332.2581,-55.0
1607091332.2601,-55.0
1607091332.2621,-48.0
1607091332.2628,-43.0
1607091332.6696,-40.0
1607091332.6704,-36.0
1607091332.6729,-28.0
1607091332.6756,-28.0
1607091332.6774,-24.0
1607091332.6794,-16.0
1607091332.6817,-16.0
1607091332.6835,-16.0
1607091332.6855,-19.0
1607091332.6874,-21.0
1607091332.6894,-16.0
1607091332.6914,-12.0
1607091332.6934,-14.0
1607091332.6954,-14.0
1607091332.6961,-9.0
1607091332.6974,-7.0
1607091332.6994,-9.0
1607091332.7014,-9.0
1607091332.7034,-4.0
1607091332.7054,-7.0
1607091332.7074,-7.0
1607091332.7094,-4.0
1607091332.7114,-2.0
1607091332.7134,-2.0
1607091332.7154,-2.0
1607091332.7174,2.0
1607091332.7194,4.0
1607091332.7214,4.0
1607091332.7234,4.0
1607091332.7254,7.0
1607091332.726,9.0
1607091332.7274,9.0
1607091332.7294,9.0
1607091332.7314,12.0
1607091332.7334,12.0
1607091332.7354,12.0
1607091332.7374,14.0
1607091332.7394,14.0
1607091332.7414,19.0
1607091332.7434,21.0
1607091332.7454,16.0
1607091332.7475,12.0
1607091332.7495,9.0
1607091332.7514,12.0
1607091332.7534,14.0
1607091332.7554,16.0
1607091332.756,19.0
1607091332.7574,19.0
1607091332.7594,19.0
1607091332.7614,19.0
1607091332.7634,19.0
1607091332.7654,21.0
1607091332.7674,24.0
1607091332.7694,26.0
1607091332.7714,24.0
1607091332.7734,26.0
1607091332.7754,26.0
1607091332.7774,24.0
1607091332.7794,26.0
1607091332.7814,24.0
1607091332.7834,21.0
1607091332.7854,21.0
1607091332.786,24.0
1607091332.7874,24.0
1607091332.7894,24.0
1607091332.7914,28.0
1607091332.7934,24.0
1607091332.7954,21.0
1607091332.7974,24.0
1607091332.7994,26.0
1607091332.8014,28.0
1607091332.8034,28.0
1607091332.8054,24.0
1607091333.2696,24.0
1607091333.2705,21.0
1607091333.273,19.0
1607091333.2741,16.0
1607091333.2756,19.0
1607091333.2776,31.0
1607091333.2796,45.0
1607091333.2817,48.0
1607091333.2836,45.0
1607091333.2855,36.0
1607091333.2875,21.0
1607091333.2895,14.0
1607091333.2915,9.0
1607091333.2935,4.0
1607091333.2955,4.0
1607091333.2975,9.0
1607091333.2995,14.0
1607091333.3015,14.0
1607091333.3035,4.0
1607091333.3044,-12.0
1607091333.3056,28.0
1607091333.3075,216.0
1607091333.3095,543.0
1607091333.3115,788.0
1607091333.3135,596.0
1607091333.3155,24.0
1607091333.3175,-238.0
1607091333.3195,-33.0
1607091333.3216,31.0
1607091333.3235,-86.0
1607091333.3255,-64.0
1607091333.3275,-12.0
1607091333.3296,-43.0
1607091333.3315,-52.0
1607091333.3335,-28.0
1607091333.3341,-26.0
1607091333.3355,-26.0
1607091333.3375,-16.0
1607091333.3395,-12.0
1607091333.3415,-9.0
1607091333.3435,0.0
1607091333.3455,9.0
1607091333.3475,14.0
1607091333.3495,14.0
1607091333.3515,16.0
1607091333.3535,24.0
1607091333.3555,26.0
1607091333.3575,33.0
1607091333.3595,45.0
1607091333.3615,57.0
1607091333.3635,64.0
1607091333.3641,69.0
1607091333.3655,81.0
1607091333.3675,93.0
1607091333.3695,113.0
1607091333.3715,129.0
1607091333.3735,139.0
1607091333.3756,151.0
1607091333.3775,163.0
1607091333.3795,168.0
1607091333.3815,165.0
1607091333.3835,153.0
1607091333.3855,129.0
1607091333.3875,96.0
1607091333.3895,57.0
1607091333.3915,21.0
1607091333.3935,-2.0
1607091333.3941,-21.0
1607091333.3955,-40.0
1607091333.3975,-48.0
1607091333.3997,-45.0
1607091333.4015,-43.0
1607091333.4035,-48.0
1607091333.8097,-50.0
1607091333.8107,-40.0
1607091333.8131,-33.0
1607091333.8148,-33.0
1607091333.8167,-28.0
1607091333.8187,-24.0
1607091333.8209,-26.0
1607091333.8227,-31.0
1607091333.8234,-28.0
1607091333.8248,-21.0
1607091333.8267,-24.0
1607091333.8288,-28.0
1607091333.8307,-28.0
1607091333.8327,-24.0
1607091333.8348,-21.0
1607091333.8366,-21.0
1607091333.8387,-19.0
1607091333.8407,-16.0
1607091333.8427,-12.0
1607091333.8448,-12.0
1607091333.8467,-12.0
1607091333.8487,-9.0
1607091333.8507,-9.0
1607091333.8527,-12.0
1607091333.8533,-9.0
1607091333.8547,-7.0
1607091333.8566,-7.0
1607091333.8586,-7.0
1607091333.8607,-4.0
1607091333.8626,-4.0
1607091333.8647,-2.0
1607091333.8666,0.0
1607091333.8686,2.0
1607091333.8707,4.0
1607091333.8726,4.0
1607091333.8747,7.0
1607091333.8767,12.0
1607091333.8787,12.0
1607091333.8806,9.0
1607091333.8826,14.0
1607091333.8832,14.0
1607091333.8848,14.0
1607091333.8866,14.0
1607091333.8886,16.0
1607091333.8906,19.0
1607091333.8927,16.0
1607091333.8947,16.0
1607091333.8966,19.0
1607091333.8988,24.0
1607091333.9006,21.0
1607091333.9026,19.0
1607091333.9048,21.0
1607091333.9066,21.0
1607091333.9086,21.0
1607091333.9107,21.0
1607091333.9126,24.0
1607091333.9133,26.0
1607091333.9157,26.0
1607091333.9176,26.0
1607091333.9196,26.0
1607091333.9216,28.0
1607091333.9236,26.0
1607091333.9257,24.0
1607091333.9277,26.0
1607091333.9296,26.0
1607091333.9316,24.0
1607091333.9336,24.0
1607091333.9356,26.0
1607091333.9376,24.0
1607091333.9396,21.0
1607091333.9416,16.0
1607091333.9422,16.0
1607091333.9437,19.0
1607091334.4093,21.0
1607091334.4102,36.0
1607091334.4126,52.0
1607091334.4153,52.0
1607091334.4172,38.0
1607091334.4192,21.0
1607091334.4212,14.0
1607091334.4232,12.0
1607091334.4251,2.0
1607091334.4272,-2.0
1607091334.4292,0.0
1607091334.4298,2.0
1607091334.4312,0.0
1607091334.4332,-2.0
1607091334.4352,-14.0
1607091334.4372,-19.0
1607091334.4392,86.0
1607091334.4411,365.0
1607091334.4432,692.0
1607091334.4452,750.0
1607091334.4471,307.0
1607091334.4491,-197.0
1607091334.4511,-170.0
1607091334.4531,19.0
1607091334.4552,-57.0
1607091334.4571,-117.0
1607091334.4593,-48.0
1607091334.4597,-48.0
1607091334.4612,-74.0
1607091334.4631,-50.0
1607091334.4652,-36.0
1607091334.4671,-40.0
1607091334.4691,-33.0
1607091334.4711,-28.0
1607091334.4731,-28.0
1607091334.4751,-24.0
1607091334.4771,-14.0
1607091334.4791,-4.0
1607091334.4812,0.0
1607091334.4831,4.0
1607091334.4852,9.0
1607091334.4871,16.0
1607091334.4891,24.0
1607091334.4897,31.0
1607091334.4911,38.0
1607091334.4931,48.0
1607091334.4952,60.0
1607091334.4971,72.0
1607091334.4991,84.0
1607091334.5012,101.0
1607091334.5031,115.0
1607091334.5052,125.0
1607091334.5071,139.0
1607091334.5091,153.0
1607091334.5111,158.0
1607091334.5131,158.0
1607091334.5151,149.0
1607091334.5171,132.0
1607091334.5191,103.0
1607091334.5197,69.0
1607091334.5211,33.0
1607091334.5231,2.0
1607091334.5252,-24.0
1607091334.5271,-40.0
1607091334.5291,-48.0
1607091334.5311,-50.0
1607091334.5331,-52.0
1607091334.5352,-57.0
1607091334.5371,-52.0
1607091334.5391,-48.0
1607091334.5411,-48.0
1607091334.5431,-45.0
1607091334.5451,-36.0
1607091334.9494,-31.0
1607091334.9501,-31.0
1607091334.9518,-26.0
1607091334.9542,-21.0
1607091334.9564,-19.0
1607091334.9582,-16.0
1607091334.9601,-12.0
1607091334.9622,-7.0
1607091334.9641,-7.0
1607091334.9661,-7.0
1607091334.9681,-7.0
1607091334.9701,-9.0
1607091334.9722,-9.0
1607091334.9742,-16.0
1607091334.9761,-21.0
1607091334.9781,-16.0
1607091334.9801,-12.0
1607091334.9821,-9.0
1607091334.9827,-7.0
1607091334.9841,-9.0
1607091334.9861,-9.0
1607091334.9881,-7.0
1607091334.9901,-4.0
1607091334.9921,-2.0
1607091334.9941,-4.0
1607091334.9962,-4.0
1607091334.9981,-2.0
1607091335.0001,-2.0
1607091335.0021,-2.0
1607091335.0041,2.0
1607091335.0061,7.0
1607091335.0081,7.0
1607091335.0102,7.0
1607091335.0128,7.0
1607091335.0133,12.0
1607091335.0152,16.0
1607091335.0172,16.0
1607091335.0192,12.0
1607091335.0212,12.0
1607091335.0232,16.0
1607091335.0252,19.0
1607091335.0271,19.0
1607091335.0291,19.0
1607091335.0311,21.0
1607091335.0331,19.0
1607091335.0351,19.0
1607091335.0371,21.0
1607091335.0391,26.0
1607091335.0411,28.0
1607091335.0431,21.0
1607091335.0437,19.0
1607091335.0451,24.0
1607091335.0471,26.0
1607091335.0491,28.0
1607091335.0512,31.0
1607091335.0532,31.0
1607091335.0552,26.0
1607091335.0571,21.0
1607091335.0591,21.0
1607091335.0611,26.0
1607091335.0631,26.0
1607091335.0651,26.0
1607091335.0671,26.0
1607091335.0691,26.0
1607091335.0711,26.0
1607091335.0731,26.0
1607091335.0737,26.0
1607091335.0751,26.0
1607091335.0771,26.0
1607091335.0791,26.0
1607091335.0811,28.0
1607091335.0831,26.0
1607091335.0851,21.0
1607091335.4897,21.0
1607091335.4907,21.0
1607091335.4931,26.0
1607091335.4958,43.0
1607091335.4977,60.0
1607091335.4999,55.0
1607091335.5019,38.0
1607091335.5025,26.0
1607091335.5037,16.0
1607091335.5057,12.0
1607091335.5077,7.0
1607091335.5097,4.0
1607091335.5117,4.0
1607091335.5137,7.0
1607091335.5157,7.0
1607091335.5177,2.0
1607091335.5197,-14.0
1607091335.5217,-2.0
1607091335.5237,139.0
1607091335.5257,435.0
1607091335.5276,733.0
1607091335.5296,711.0
1607091335.5316,230.0
1607091335.5323,-182.0
1607091335.5336,-98.0
1607091335.5357,33.0
1607091335.5376,-69.0
1607091335.5396,-93.0
1607091335.5416,-28.0
1607091335.5436,-43.0
1607091335.5457,-60.0
1607091335.5476,-36.0
1607091335.5496,-28.0
1607091335.5518,-31.0
1607091335.5537,-24.0
1607091335.5557,-16.0
1607091335.5576,-12.0
1607091335.5596,-7.0
1607091335.5617,-2.0
1607091335.5622,4.0
1607091335.5636,12.0
1607091335.5657,16.0
1607091335.5676,21.0
1607091335.5696,26.0
1607091335.5716,36.0
1607091335.5736,43.0
1607091335.5756,50.0
1607091335.5776,55.0
1607091335.5796,62.0
1607091335.5816,72.0
1607091335.5836,84.0
1607091335.5856,98.0
1607091335.5876,113.0
1607091335.5896,127.0
1607091335.5916,137.0
1607091335.5922,144.0
1607091335.5936,149.0
1607091335.5957,151.0
1607091335.5976,144.0
1607091335.5997,129.0
1607091335.6016,101.0
1607091335.6037,64.0
1607091335.6057,31.0
1607091335.6076,4.0
1607091335.6096,-16.0
1607091335.6116,-31.0
1607091335.6136,-40.0
1607091335.6157,-48.0
1607091335.6176,-52.0
1607091335.6196,-52.0
1607091335.6216,-50.0
1607091335.6222,-48.0
1607091335.6236,-40.0
1607091336.0291,-38.0
1607091336.0298,-38.0
1607091336.0316,-28.0
1607091336.0336,-24.0
1607091336.0356,-24.0
1607091336.0376,-19.0
1607091336.0396,-19.0
1607091336.0416,-24.0
1607091336.0436,-26.0
1607091336.0457,-21.0
1607091336.0476,-16.0
1607091336.0484,-19.0
1607091336.0496,-19.0
1607091336.0516,-14.0
1607091336.0536,-9.0
1607091336.0556,-9.0
1607091336.0575,-9.0
1607091336.0596,-9.0
1607091336.0616,-7.0
1607091336.0636,-9.0
1607091336.0657,-7.0
1607091336.0676,-2.0
1607091336.0696,2.0
1607091336.0716,0.0
1607091336.0736,-2.0
1607091336.0755,0.0
1607091336.0776,7.0
1607091336.0782,7.0
1607091336.0795,7.0
1607091336.0815,9.0
1607091336.0835,9.0
1607091336.0856,9.0
1607091336.0875,14.0
1607091336.0895,19.0
1607091336.0915,16.0
1607091336.0935,16.0
1607091336.0956,19.0
1607091336.0975,21.0
1607091336.0995,21.0
1607091336.1015,19.0
1607091336.1035,19.0
1607091336.1056,21.0
1607091336.1075,21.0
1607091336.1088,19.0
1607091336.1105,19.0
1607091336.1125,24.0
1607091336.1147,26.0
1607091336.1165,28.0
1607091336.1185,28.0
1607091336.1205,26.0
1607091336.1225,26.0
1607091336.1246,28.0
1607091336.1266,31.0
1607091336.1285,31.0
1607091336.1305,28.0
1607091336.1325,24.0
1607091336.1346,26.0
1607091336.1365,28.0
1607091336.1371,26.0
1607091336.1385,21.0
1607091336.1405,16.0
1607091336.1425,16.0
1607091336.1449,16.0
1607091336.1466,14.0
1607091336.1485,16.0
1607091336.1505,16.0
1607091336.1525,14.0
1607091336.1546,12.0
1607091336.1565,12.0
1607091336.1585,12.0
1607091336.1605,14.0
1607091336.1625,33.0
1607091336.1646,50.0
1607091336.5994,50.0
1607091336.6003,43.0
1607091336.6027,31.0
1607091336.6044,21.0
1607091336.6064,16.0
1607091336.6083,12.0
1607091336.6103,4.0
1607091336.6123,7.0
1607091336.6143,12.0
1607091336.6163,12.0
1607091336.6183,7.0
1607091336.6203,-7.0
1607091336.6223,-9.0
1607091336.6243,101.0
1607091336.6263,379.0
1607091336.6283,702.0
1607091336.6303,743.0
1607091336.631,290.0
1607091336.6323,-189.0
1607091336.6343,-141.0
1607091336.6363,45.0
1607091336.6383,-40.0
1607091336.6403,-98.0
1607091336.6424,-31.0
1607091336.6443,-28.0
1607091336.6463,-52.0
1607091336.6484,-28.0
1607091336.6503,-14.0
1607091336.6524,-19.0
1607091336.6544,-16.0
1607091336.6563,-12.0
1607091336.6584,-7.0
1607091336.6604,-2.0
1607091336.6609,4.0
1607091336.6624,9.0
1607091336.6643,14.0
1607091336.6663,21.0
1607091336.6683,28.0
1607091336.6703,33.0
1607091336.6723,36.0
1607091336.6746,45.0
1607091336.6763,57.0
1607091336.6783,69.0
1607091336.6803,74.0
1607091336.6823,84.0
1607091336.6843,96.0
1607091336.6863,113.0
1607091336.6883,129.0
1607091336.6903,146.0
1607091336.6909,158.0
1607091336.6923,170.0
1607091336.6943,175.0
1607091336.6963,170.0
1607091336.6983,161.0
1607091336.7003,141.0
1607091336.7023,105.0
1607091336.7043,64.0
1607091336.7063,36.0
1607091336.7083,9.0
1607091336.7103,-16.0
1607091336.7123,-36.0
1607091336.7143,-45.0
1607091336.7163,-50.0
1607091336.7183,-48.0
1607091336.7203,-45.0
1607091336.7209,-45.0
1607091336.7223,-45.0
1607091336.7243,-40.0
1607091336.7263,-33.0
1607091336.7283,-26.0
1607091336.7303,-24.0
1607091336.7323,-21.0
1607091336.7343,-16.0
1607091337.1391,-7.0
1607091337.1398,0.0
1607091337.1422,-2.0
1607091337.1448,-4.0
1607091337.1468,0.0
1607091337.1488,2.0
1607091337.1494,-4.0
1607091337.1509,-9.0
1607091337.1528,-4.0
1607091337.1549,0.0
1607091337.1568,-2.0
1607091337.1588,0.0
1607091337.1608,7.0
1607091337.1628,7.0
1607091337.1649,4.0
1607091337.1669,4.0
1607091337.1688,7.0
1607091337.1708,7.0
1607091337.173,9.0
1607091337.1749,12.0
1607091337.1768,9.0
1607091337.1788,9.0
1607091337.1794,12.0
1607091337.1808,14.0
1607091337.1828,16.0
1607091337.1848,14.0
1607091337.1868,16.0
1607091337.1888,19.0
1607091337.1908,19.0
1607091337.1928,19.0
1607091337.1948,21.0
1607091337.1968,21.0
1607091337.1988,24.0
1607091337.2008,26.0
1607091337.2028,26.0
1607091337.2048,26.0
1607091337.2068,28.0
1607091337.2088,31.0
1607091337.2094,31.0
1607091337.2108,31.0
1607091337.2128,31.0
1607091337.2148,31.0
1607091337.2168,33.0
1607091337.2188,33.0
1607091337.2208,31.0
1607091337.2228,28.0
1607091337.2247,26.0
1607091337.2268,26.0
1607091337.2288,28.0
1607091337.2308,28.0
1607091337.2328,28.0
1607091337.2348,31.0
1607091337.2368,28.0
1607091337.2388,21.0
1607091337.2394,21.0
1607091337.2408,21.0
1607091337.2428,19.0
1607091337.2448,26.0
1607091337.2468,50.0
1607091337.2488,67.0
1607091337.2508,60.0
1607091337.2528,48.0
1607091337.2548,33.0
1607091337.2568,26.0
1607091337.2588,24.0
1607091337.2608,24.0
1607091337.2628,21.0
1607091337.2648,21.0
1607091337.2668,24.0
1607091337.269,24.0
1607091337.2695,16.0
1607091337.2708,4.0
1607091337.2728,24.0
1607091337.7392,185.0
1607091337.7402,509.0
1607091337.7426,795.0
1607091337.7442,668.0
1607091337.7462,93.0
1607091337.7482,-257.0
1607091337.7503,-76.0
1607091337.7522,38.0
1607091337.7543,-81.0
1607091337.7562,-79.0
1607091337.7582,-19.0
1607091337.7602,-43.0
1607091337.7608,-55.0
1607091337.7622,-33.0
1607091337.7642,-36.0
1607091337.7662,-40.0
1607091337.7682,-26.0
1607091337.7702,-16.0
1607091337.7722,-16.0
1607091337.7742,-14.0
1607091337.7762,-7.0
1607091337.777,-2.0
1607091337.7793,2.0
1607091337.7811,7.0
1607091337.7832,12.0
1607091337.7852,19.0
1607091337.7873,24.0
1607091337.7892,28.0
1607091337.7911,38.0
1607091337.7932,48.0
1607091337.7952,57.0
1607091337.7973,69.0
1607091337.7992,86.0
1607091337.8011,98.0
1607091337.8017,113.0
1607091337.8031,129.0
1607091337.8052,141.0
1607091337.8071,149.0
1607091337.8092,149.0
1607091337.8111,141.0
1607091337.8131,127.0
1607091337.8152,101.0
1607091337.8171,67.0
1607091337.8191,28.0
1607091337.8211,-9.0
1607091337.8231,-40.0
1607091337.8251,-57.0
1607091337.8273,-69.0
1607091337.8292,-72.0
1607091337.8311,-69.0
1607091337.8317,-72.0
1607091337.8331,-74.0
1607091337.8352,-72.0
1607091337.8371,-64.0
1607091337.8391,-60.0
1607091337.8411,-52.0
1607091337.8431,-45.0
1607091337.8452,-43.0
1607091337.8471,-45.0
1607091337.8491,-38.0
1607091337.8511,-31.0
1607091337.8531,-31.0
1607091337.8552,-28.0
1607091337.8571,-24.0
1607091337.8592,-16.0
1607091337.8611,-16.0
1607091337.8617,-19.0
1607091337.8631,-16.0
1607091337.8652,-12.0
1607091337.8671,-12.0
1607091337.8691,-12.0
1607091337.8711,-12.0
1607091337.8731,-9.0
1607091338.3091,-9.0
1607091338.3098,-7.0
1607091338.3122,-9.0
1607091338.3139,-12.0
1607091338.3159,-7.0
1607091338.3178,-4.0
1607091338.3199,-9.0
1607091338.3205,-9.0
1607091338.3219,-12.0
1607091338.3239,-19.0
1607091338.3259,-16.0
1607091338.328,-9.0
1607091338.3299,-7.0
1607091338.3319,-9.0
1607091338.3339,-7.0
1607091338.3359,-4.0
1607091338.3378,-4.0
1607091338.3399,-2.0
1607091338.3419,0.0
1607091338.3439,0.0
1607091338.3459,0.0
1607091338.3478,0.0
1607091338.3498,2.0
1607091338.3504,4.0
1607091338.3518,7.0
1607091338.354,9.0
1607091338.3559,9.0
1607091338.3578,9.0
1607091338.3598,14.0
1607091338.3618,16.0
1607091338.3638,14.0
1607091338.3659,7.0
1607091338.3678,4.0
1607091338.3698,7.0
1607091338.3718,9.0
1607091338.3738,4.0
1607091338.3759,4.0
1607091338.3778,9.0
1607091338.3798,9.0
1607091338.3804,7.0
1607091338.3818,7.0
1607091338.3838,9.0
1607091338.3859,12.0
1607091338.3878,14.0
1607091338.3898,12.0
1607091338.3918,12.0
1607091338.3939,12.0
1607091338.3958,9.0
1607091338.3978,7.0
1607091338.3998,7.0
1607091338.4018,9.0
1607091338.4038,24.0
1607091338.4058,43.0
1607091338.4078,52.0
1607091338.4098,50.0
1607091338.4104,40.0
1607091338.4118,24.0
1607091338.4138,16.0
1607091338.4158,16.0
1607091338.4178,14.0
1607091338.4198,12.0
1607091338.4218,16.0
1607091338.4238,19.0
1607091338.4258,16.0
1607091338.4278,9.0
1607091338.4298,-2.0
1607091338.4318,16.0
1607091338.4338,165.0
1607091338.4359,478.0
1607091338.4378,764.0
1607091338.4398,682.0
1607091338.4404,165.0
1607091338.4418,-197.0
1607091338.8492,-72.0
1607091338.8502,36.0
1607091338.8526,-72.0
1607091338.8555,-81.0
1607091338.8572,-21.0
1607091338.8593,-40.0
1607091338.8613,-55.0
1607091338.8632,-33.0
1607091338.8652,-31.0
1607091338.8672,-40.0
1607091338.8692,-40.0
1607091338.8712,-36.0
1607091338.8732,-28.0
1607091338.8752,-24.0
1607091338.8759,-16.0
1607091338.8773,-12.0
1607091338.8793,-7.0
1607091338.8814,0.0
1607091338.8833,2.0
1607091338.8853,9.0
1607091338.8872,19.0
1607091338.8892,26.0
1607091338.8912,31.0
1607091338.8933,36.0
1607091338.8953,43.0
1607091338.8972,52.0
1607091338.8992,64.0
1607091338.9013,79.0
1607091338.9033,96.0
1607091338.9052,108.0
1607091338.906,120.0
1607091338.9082,129.0
1607091338.9102,134.0
1607091338.9121,132.0
1607091338.9141,122.0
1607091338.9162,101.0
1607091338.9183,64.0
1607091338.9202,31.0
1607091338.9221,4.0
1607091338.9242,-19.0
1607091338.9262,-38.0
1607091338.9283,-52.0
1607091338.9302,-60.0
1607091338.9322,-57.0
1607091338.9342,-60.0
1607091338.9362,-60.0
1607091338.9368,-57.0
1607091338.9382,-50.0
1607091338.9402,-48.0
1607091338.9423,-45.0
1607091338.9442,-40.0
1607091338.9461,-33.0
1607091338.9482,-28.0
1607091338.9501,-26.0
1607091338.9523,-21.0
1607091338.9542,-19.0
1607091338.9561,-19.0
1607091338.9581,-19.0
1607091338.9603,-19.0
1607091338.9623,-14.0
1607091338.9642,-12.0
1607091338.9662,-12.0
1607091338.9668,-9.0
1607091338.9682,-7.0
1607091338.9703,-7.0
1607091338.9722,-4.0
1607091338.9741,-2.0
1607091338.9761,-7.0
1607091338.9781,-9.0
1607091338.9801,-4.0
1607091338.9821,0.0
1607091338.9841,-2.0
1607091338.9861,-2.0
1607091339.4494,0.0
1607091339.4505,2.0
1607091339.4521,0.0
1607091339.454,2.0
1607091339.4559,4.0
1607091339.4579,2.0
1607091339.4599,2.0
1607091339.4619,-4.0
1607091339.4639,-7.0
1607091339.4659,0.0
1607091339.4679,2.0
1607091339.4699,2.0
1607091339.4705,0.0
1607091339.4719,2.0
1607091339.4739,7.0
1607091339.476,4.0
1607091339.4779,0.0
1607091339.4799,-2.0
1607091339.4819,-4.0
1607091339.4839,-4.0
1607091339.4859,-2.0
1607091339.4879,2.0
1607091339.4899,4.0
1607091339.4919,4.0
1607091339.4939,7.0
1607091339.496,9.0
1607091339.4979,9.0
1607091339.4999,9.0
1607091339.5005,14.0
1607091339.5019,12.0
1607091339.5039,7.0
1607091339.5059,9.0
1607091339.5082,16.0
1607091339.5099,16.0
1607091339.5119,16.0
1607091339.5139,19.0
1607091339.516,19.0
1607091339.5179,19.0
1607091339.5199,19.0
1607091339.5219,19.0
1607091339.5239,19.0
1607091339.5254,21.0
1607091339.5262,21.0
1607091339.5278,19.0
1607091339.5298,24.0
1607091339.5319,26.0
1607091339.5339,24.0
1607091339.5359,21.0
1607091339.5378,21.0
1607091339.5399,19.0
1607091339.5419,12.0
1607091339.544,12.0
1607091339.546,12.0
1607091339.548,9.0
1607091339.55,16.0
1607091339.5518,38.0
1607091339.5538,55.0
1607091339.5545,52.0
1607091339.5558,43.0
1607091339.5578,31.0
1607091339.5598,16.0
1607091339.5618,12.0
1607091339.5638,14.0
1607091339.5659,16.0
1607091339.5678,14.0
1607091339.5698,14.0
1607091339.5718,12.0
1607091339.5738,9.0
1607091339.5758,2.0
1607091339.5778,0.0
1607091339.5798,88.0
1607091339.5818,343.0
1607091339.5838,670.0
1607091339.9598,769.0
1607091339.9605,384.0
1607091339.9618,-117.0
1607091339.9637,-144.0
1607091339.9658,33.0
1607091339.9677,-31.0
1607091339.9698,-98.0
1607091339.9717,-38.0
1607091339.9737,-38.0
1607091339.9758,-67.0
1607091339.9773,-43.0
1607091339.9778,-31.0
1607091339.9787,-48.0
1607091339.9796,-48.0
1607091339.9805,-38.0
1607091339.9811,-33.0
1607091339.9819,-28.0
1607091339.9827,-21.0
1607091339.9849,-14.0
1607091339.9868,-9.0
1607091339.9888,-4.0
1607091339.9892,0.0
1607091339.9907,9.0
1607091339.9927,16.0
1607091339.9948,24.0
1607091339.9967,31.0
1607091339.9987,38.0
1607091340.0007,48.0
1607091340.0027,60.0
1607091340.0047,72.0
1607091340.0067,84.0
1607091340.0088,98.0
1607091340.0107,113.0
1607091340.0127,125.0
1607091340.0147,137.0
1607091340.0167,146.0
1607091340.0187,149.0
1607091340.0193,141.0
1607091340.0207,120.0
1607091340.0227,93.0
1607091340.0248,60.0
1607091340.0267,21.0
1607091340.0287,-7.0
1607091340.0307,-26.0
1607091340.0327,-45.0
1607091340.0347,-55.0
1607091340.0367,-57.0
1607091340.0387,-62.0
1607091340.0407,-62.0
1607091340.0428,-55.0
1607091340.0447,-52.0
1607091340.0467,-48.0
1607091340.0473,-45.0
1607091340.0487,-45.0
1607091340.0507,-40.0
1607091340.0527,-33.0
1607091340.0547,-28.0
1607091340.0567,-26.0
1607091340.0587,-21.0
1607091340.0607,-19.0
1607091340.0627,-21.0
1607091340.0649,-16.0
1607091340.0668,-12.0
1607091340.0687,-9.0
1607091340.0707,-7.0
1607091340.0727,-7.0
1607091340.0748,-9.0
1607091340.0767,-9.0
1607091340.0773,-9.0
1607091340.0787,-9.0
1607091340.0807,-7.0
1607091340.0827,-4.0
1607091340.0847,-4.0
1607091340.5292,-4.0
1607091340.5302,-7.0
1607091340.5326,-9.0
1607091340.5353,-7.0
1607091340.5372,-9.0
1607091340.5392,-14.0
1607091340.5414,-19.0
1607091340.5432,-16.0
1607091340.5452,-12.0
1607091340.5458,-14.0
1607091340.5472,-14.0
1607091340.5492,-9.0
1607091340.5512,-4.0
1607091340.5532,-4.0
1607091340.5552,-4.0
1607091340.5572,0.0
1607091340.5592,2.0
1607091340.5612,2.0
1607091340.5632,0.0
1607091340.5652,4.0
1607091340.5671,7.0
1607091340.5691,7.0
1607091340.5711,4.0
1607091340.5731,4.0
1607091340.5751,12.0
1607091340.5758,14.0
1607091340.5772,12.0
1607091340.5791,12.0
1607091340.5811,7.0
1607091340.5831,7.0
1607091340.5852,9.0
1607091340.5871,9.0
1607091340.5891,9.0
1607091340.5911,7.0
1607091340.5931,9.0
1607091340.5952,12.0
1607091340.5971,12.0
1607091340.5991,9.0
1607091340.6011,9.0
1607091340.6033,14.0
1607091340.6052,14.0
1607091340.6057,14.0
1607091340.6072,14.0
1607091340.6092,14.0
1607091340.6111,14.0
1607091340.6131,16.0
1607091340.6151,19.0
1607091340.6171,21.0
1607091340.6191,19.0
1607091340.6211,14.0
1607091340.6231,12.0
1607091340.6251,7.0
1607091340.6271,4.0
1607091340.6291,12.0
1607091340.6311,33.0
1607091340.6331,48.0
1607091340.6351,45.0
1607091340.6357,33.0
1607091340.6371,21.0
1607091340.6391,12.0
1607091340.6411,7.0
1607091340.6431,7.0
1607091340.6451,9.0
1607091340.6472,7.0
1607091340.6491,4.0
1607091340.6511,9.0
1607091340.6531,7.0
1607091340.6551,-12.0
1607091340.6571,-21.0
1607091340.6592,62.0
1607091340.6611,315.0
1607091340.6631,656.0
1607091340.6652,791.0
1607091341.1292,408.0
1607091341.1299,-158.0
1607091341.1323,-221.0
1607091341.1351,7.0
1607091341.137,-24.0
1607091341.139,-113.0
1607091341.141,-60.0
1607091341.143,-50.0
1607091341.145,-84.0
1607091341.147,-64.0
1607091341.149,-45.0
1607091341.151,-52.0
1607091341.153,-43.0
1607091341.1537,-31.0
1607091341.155,-38.0
1607091341.157,-36.0
1607091341.159,-21.0
1607091341.1613,-14.0
1607091341.1631,-12.0
1607091341.1652,-7.0
1607091341.167,0.0
1607091341.169,7.0
1607091341.171,12.0
1607091341.173,16.0
1607091341.1751,28.0
1607091341.1771,43.0
1607091341.1791,48.0
1607091341.181,55.0
1607091341.183,72.0
1607091341.1837,88.0
1607091341.1851,101.0
1607091341.1871,117.0
1607091341.1891,134.0
1607091341.1911,144.0
1607091341.1931,149.0
1607091341.1952,151.0
1607091341.1971,144.0
1607091341.1991,120.0
1607091341.2011,88.0
1607091341.2031,48.0
1607091341.2051,7.0
1607091341.2071,-28.0
1607091341.2091,-50.0
1607091341.2111,-62.0
1607091341.2131,-69.0
1607091341.2214,-79.0
1607091341.2232,-84.0
1607091341.2252,-79.0
1607091341.2271,-74.0
1607091341.2292,-72.0
1607091341.2312,-67.0
1607091341.2332,-64.0
1607091341.2353,-62.0
1607091341.2372,-55.0
1607091341.2392,-50.0
1607091341.2412,-48.0
1607091341.2432,-40.0
1607091341.2453,-36.0
1607091341.2472,-36.0
1607091341.2492,-36.0
1607091341.2498,-33.0
1607091341.2511,-28.0
1607091341.2532,-28.0
1607091341.2552,-28.0
1607091341.2572,-26.0
1607091341.2592,-24.0
1607091341.2613,-24.0
1607091341.2632,-21.0
1607091341.2655,-19.0
1607091341.2673,-24.0
1607091341.2692,-19.0
1607091341.2713,-12.0
1607091341.2733,-12.0
1607091341.6708,-12.0
1607091341.6717,-9.0
1607091341.6742,-7.0
1607091341.6753,-7.0
1607091341.6768,-7.0
1607091341.6788,-4.0
1607091341.6808,2.0
1607091341.6829,2.0
1607091341.6848,2.0
1607091341.6868,2.0
1607091341.6888,4.0
1607091341.6908,0.0
1607091341.6928,-7.0
1607091341.6948,-7.0
1607091341.6969,-7.0
1607091341.6988,-7.0
1607091341.7008,-7.0
1607091341.7028,-2.0
1607091341.7048,2.0
1607091341.7055,4.0
1607091341.7068,2.0
1607091341.7088,4.0
1607091341.7109,4.0
1607091341.7128,4.0
1607091341.7148,9.0
1607091341.7169,9.0
1607091341.7188,9.0
1607091341.7208,12.0
1607091341.7229,14.0
1607091341.7248,16.0
1607091341.7268,16.0
1607091341.7288,16.0
1607091341.7308,21.0
1607091341.7328,21.0
1607091341.7348,19.0
1607091341.7355,19.0
1607091341.7369,24.0
1607091341.7388,24.0
1607091341.7409,24.0
1607091341.7429,24.0
1607091341.7449,24.0
1607091341.7469,26.0
1607091341.7489,26.0
1607091341.7509,26.0
1607091341.7529,26.0
1607091341.7549,24.0
1607091341.7571,19.0
1607091341.7589,19.0
1607091341.761,24.0
1607091341.7629,24.0
1607091341.7649,26.0
1607091341.7656,24.0
1607091341.767,16.0
1607091341.7689,12.0
1607091341.7709,12.0
1607091341.773,12.0
1607091341.7749,19.0
1607091341.7769,40.0
1607091341.779,57.0
1607091341.7809,52.0
1607091341.783,43.0
1607091341.785,33.0
1607091341.787,19.0
1607091341.789,12.0
1607091341.791,16.0
1607091341.793,16.0
1607091341.795,9.0
1607091341.7957,4.0
1607091341.797,7.0
1607091341.799,4.0
1607091341.801,-9.0
1607091341.803,-14.0
1607091341.805,79.0
1607091342.2119,343.0
1607091342.2127,668.0
1607091342.2151,762.0
1607091342.2178,370.0
1607091342.2197,-141.0
1607091342.2217,-170.0
1607091342.2238,16.0
1607091342.2257,-48.0
1607091342.2264,-117.0
1607091342.2287,-60.0
1607091342.2307,-52.0
1607091342.2328,-79.0
1607091342.2348,-57.0
1607091342.2368,-45.0
1607091342.2388,-52.0
1607091342.2408,-43.0
1607091342.2427,-31.0
1607091342.2447,-28.0
1607091342.2468,-26.0
1607091342.2488,-19.0
1607091342.2508,-14.0
1607091342.2528,-9.0
1607091342.2548,-2.0
1607091342.2568,4.0
1607091342.2576,4.0
1607091342.2588,9.0
1607091342.2608,16.0
1607091342.2628,26.0
1607091342.2648,33.0
1607091342.2668,43.0
1607091342.2689,57.0
1607091342.2708,72.0
1607091342.2728,84.0
1607091342.2748,98.0
1607091342.2768,113.0
1607091342.2789,127.0
1607091342.2808,137.0
1607091342.2828,141.0
1607091342.285,141.0
1607091342.2868,139.0
1607091342.2876,125.0
1607091342.2888,96.0
1607091342.2908,62.0
1607091342.2928,28.0
1607091342.2948,-2.0
1607091342.2969,-31.0
1607091342.2989,-45.0
1607091342.3008,-52.0
1607091342.3029,-57.0
1607091342.3049,-60.0
1607091342.3069,-60.0
1607091342.3089,-57.0
1607091342.3109,-55.0
1607091342.3129,-48.0
1607091342.3149,-43.0
1607091342.3169,-40.0
1607091342.3176,-38.0
1607091342.3189,-31.0
1607091342.3209,-26.0
1607091342.3229,-24.0
1607091342.3249,-21.0
1607091342.3269,-19.0
1607091342.329,-16.0
1607091342.3309,-16.0
1607091342.3329,-12.0
1607091342.3349,-7.0
1607091342.3369,-7.0
1607091342.339,-7.0
1607091342.3409,-4.0
1607091342.3429,-4.0
1607091342.3449,-4.0
1607091342.3469,-4.0
1607091342.3476,-2.0
1607091342.7833,0.0
1607091342.7842,0.0
1607091342.7869,0.0
1607091342.7895,0.0
1607091342.7913,4.0
1607091342.7933,2.0
1607091342.7954,-7.0
1607091342.7973,-12.0
1607091342.7994,-4.0
1607091342.8013,0.0
1607091342.8033,-2.0
1607091342.8053,0.0
1607091342.8073,4.0
1607091342.8093,2.0
1607091342.8099,-2.0
1607091342.8113,0.0
1607091342.8133,7.0
1607091342.8154,4.0
1607091342.8173,2.0
1607091342.8194,4.0
1607091342.8206,12.0
1607091342.8223,12.0
1607091342.8243,9.0
1607091342.8263,12.0
1607091342.8283,16.0
1607091342.8303,16.0
1607091342.8323,14.0
1607091342.8343,16.0
1607091342.8363,16.0
1607091342.8369,16.0
1607091342.8383,16.0
1607091342.8403,16.0
1607091342.8423,14.0
1607091342.8443,16.0
1607091342.8463,16.0
1607091342.8483,14.0
1607091342.8503,9.0
1607091342.8523,4.0
1607091342.8543,0.0
1607091342.8563,0.0
1607091342.8583,2.0
1607091342.8603,2.0
1607091342.8623,0.0
1607091342.8644,2.0
1607091342.8664,7.0
1607091342.867,7.0
1607091342.8684,9.0
1607091342.8704,12.0
1607091342.8724,9.0
1607091342.8744,9.0
1607091342.8764,12.0
1607091342.8784,16.0
1607091342.8804,16.0
1607091342.8826,14.0
1607091342.8845,14.0
1607091342.8864,12.0
1607091342.8884,7.0
1607091342.8904,4.0
1607091342.8924,4.0
1607091342.8944,9.0
1607091342.8964,24.0
1607091342.897,38.0
1607091342.8984,38.0
1607091342.9004,31.0
1607091342.9024,21.0
1607091342.9044,9.0
1607091342.9064,2.0
1607091342.9085,7.0
1607091342.9105,9.0
1607091342.9125,12.0
1607091342.9145,14.0
1607091342.9165,14.0
1607091342.9185,14.0
1607091343.3242,4.0
1607091343.325,-4.0
1607091343.3266,62.0
1607091343.3291,286.0
1607091343.3311,613.0
1607091343.333,791.0
1607091343.335,502.0
1607091343.337,-43.0
1607091343.339,-182.0
1607091343.3411,9.0
1607091343.3431,-4.0
1607091343.345,-103.0
1607091343.347,-55.0
1607091343.3491,-26.0
1607091343.3511,-52.0
1607091343.353,-43.0
1607091343.355,-26.0
1607091343.357,-28.0
1607091343.3576,-24.0
1607091343.359,-12.0
1607091343.361,-4.0
1607091343.363,-2.0
1607091343.3651,4.0
1607091343.3671,7.0
1607091343.3691,7.0
1607091343.3711,12.0
1607091343.3731,21.0
1607091343.3751,28.0
1607091343.3771,33.0
1607091343.3791,38.0
1607091343.3811,40.0
1607091343.3833,45.0
1607091343.3852,57.0
1607091343.3871,67.0
1607091343.3877,76.0
1607091343.3891,86.0
1607091343.3911,103.0
1607091343.3931,122.0
1607091343.3951,132.0
1607091343.3971,139.0
1607091343.3991,146.0
1607091343.4011,153.0
1607091343.4031,146.0
1607091343.4051,129.0
1607091343.4071,105.0
1607091343.4091,76.0
1607091343.4111,40.0
1607091343.4131,9.0
1607091343.4151,-14.0
1607091343.4171,-31.0
1607091343.4177,-43.0
1607091343.4191,-50.0
1607091343.4212,-55.0
1607091343.4231,-52.0
1607091343.4252,-50.0
1607091343.4272,-50.0
1607091343.4292,-43.0
1607091343.4312,-36.0
1607091343.4332,-36.0
1607091343.4352,-31.0
1607091343.4372,-21.0
1607091343.4392,-16.0
1607091343.4412,-14.0
1607091343.4432,-12.0
1607091343.4452,-7.0
1607091343.4472,-9.0
1607091343.4479,-9.0
1607091343.4492,-7.0
1607091343.4512,-4.0
1607091343.4532,-7.0
1607091343.4552,-7.0
1607091343.4572,-7.0
1607091343.4592,-7.0
1607091343.8956,-2.0
1607091343.8965,0.0
1607091343.899,2.0
1607091343.9017,0.0
1607091343.9036,-7.0
1607091343.9057,-16.0
1607091343.9077,-16.0
1607091343.9096,-9.0
1607091343.9116,-9.0
1607091343.9124,-9.0
1607091343.9136,-7.0
1607091343.9156,-7.0
1607091343.9176,-4.0
1607091343.9196,0.0
1607091343.9217,0.0
1607091343.9236,0.0
1607091343.9256,0.0
1607091343.9277,4.0
1607091343.9296,9.0
1607091343.9316,7.0
1607091343.9336,7.0
1607091343.9356,9.0
1607091343.9376,7.0
1607091343.9396,2.0
1607091343.9417,0.0
1607091343.9422,0.0
1607091343.9436,4.0
1607091343.9456,7.0
1607091343.9476,9.0
1607091343.9496,14.0
1607091343.9517,19.0
1607091343.9536,16.0
1607091343.9557,14.0
1607091343.9577,14.0
1607091343.9597,16.0
1607091343.9617,16.0
1607091343.9636,19.0
1607091343.9657,21.0
1607091343.9677,24.0
1607091343.9697,24.0
1607091343.9717,19.0
1607091343.9723,19.0
1607091343.9737,19.0
1607091343.9757,21.0
1607091343.9778,24.0
1607091343.9797,28.0
1607091343.9817,24.0
1607091343.9837,19.0
1607091343.9857,21.0
1607091343.9877,24.0
1607091343.9897,24.0
1607091343.9918,24.0
1607091343.9937,26.0
1607091343.9957,26.0
1607091343.9977,26.0
1607091343.9997,21.0
1607091344.0018,19.0
1607091344.0023,19.0
1607091344.0037,21.0
1607091344.0057,31.0
1607091344.0079,50.0
1607091344.0098,62.0
1607091344.0117,60.0
1607091344.0137,48.0
1607091344.0158,31.0
1607091344.0178,16.0
1607091344.0198,16.0
1607091344.0218,14.0
1607091344.0238,14.0
1607091344.0258,16.0
1607091344.0278,19.0
1607091344.0298,21.0
1607091344.0318,19.0
1607091344.4968,7.0
1607091344.4977,4.0
1607091344.5002,110.0
1607091344.5028,391.0
1607091344.5048,721.0
1607091344.5068,757.0
1607091344.5089,276.0
1607091344.5108,-226.0
1607091344.5127,-165.0
1607091344.5147,36.0
1607091344.5168,-48.0
1607091344.5187,-98.0
1607091344.5208,-26.0
1607091344.5213,-28.0
1607091344.5228,-60.0
1607091344.5247,-40.0
1607091344.5267,-28.0
1607091344.5287,-28.0
1607091344.5307,-21.0
1607091344.5327,-12.0
1607091344.5347,-7.0
1607091344.5367,-7.0
1607091344.5387,-4.0
1607091344.5407,2.0
1607091344.5428,7.0
1607091344.5448,9.0
1607091344.5468,12.0
1607091344.5488,16.0
1607091344.5508,26.0
1607091344.5514,38.0
1607091344.5528,45.0
1607091344.5548,52.0
1607091344.5568,60.0
1607091344.5588,69.0
1607091344.5608,81.0
1607091344.5628,101.0
1607091344.5648,115.0
1607091344.5669,129.0
1607091344.569,144.0
1607091344.5709,156.0
1607091344.5729,163.0
1607091344.5748,168.0
1607091344.5768,161.0
1607091344.5788,141.0
1607091344.5808,105.0
1607091344.5814,67.0
1607091344.5828,33.0
1607091344.5848,7.0
1607091344.5868,-16.0
1607091344.5888,-31.0
1607091344.5908,-40.0
1607091344.5929,-48.0
1607091344.5948,-48.0
1607091344.5968,-43.0
1607091344.5988,-40.0
1607091344.6009,-40.0
1607091344.6028,-40.0
1607091344.6049,-36.0
1607091344.6069,-28.0
1607091344.609,-24.0
1607091344.6109,-21.0
1607091344.6115,-16.0
1607091344.6129,-12.0
1607091344.6149,-12.0
1607091344.6169,-9.0
1607091344.6189,-7.0
1607091344.6209,-9.0
1607091344.6229,-9.0
1607091344.6249,-7.0
1607091344.6269,-4.0
1607091344.6289,-2.0
1607091344.6309,-2.0
1607091344.6329,-2.0
1607091345.0375,-2.0
1607091345.038,0.0
1607091345.0383,0.0
1607091345.04,0.0
1607091345.042,2.0
1607091345.0441,2.0
1607091345.046,4.0
1607091345.048,4.0
1607091345.0501,0.0
1607091345.0521,-4.0
1607091345.0542,-4.0
1607091345.0562,-9.0
1607091345.0581,-9.0
1607091345.0601,-4.0
1607091345.0622,-4.0
1607091345.0642,-4.0
1607091345.0663,0.0
1607091345.0682,0.0
1607091345.0688,0.0
1607091345.0711,2.0
1607091345.0732,4.0
1607091345.0752,4.0
1607091345.0771,4.0
1607091345.0792,2.0
1607091345.0812,0.0
1607091345.0833,2.0
1607091345.0852,2.0
1607091345.0871,2.0
1607091345.0891,4.0
1607091345.0912,4.0
1607091345.0931,2.0
1607091345.0951,7.0
1607091345.0971,12.0
1607091345.0976,12.0
1607091345.0993,9.0
1607091345.1012,9.0
1607091345.1031,12.0
1607091345.1052,14.0
1607091345.1071,9.0
1607091345.1092,12.0
1607091345.1111,16.0
1607091345.1132,16.0
1607091345.1151,12.0
1607091345.1171,14.0
1607091345.1191,16.0
1607091345.1212,16.0
1607091345.1231,16.0
1607091345.1251,14.0
1607091345.1271,9.0
1607091345.1279,7.0
1607091345.1291,7.0
1607091345.1312,12.0
1607091345.1332,26.0
1607091345.1353,48.0
1607091345.1372,55.0
1607091345.1391,50.0
1607091345.14,36.0
1607091345.1424,21.0
1607091345.1442,16.0
1607091345.1463,19.0
1607091345.1482,19.0
1607091345.149,14.0
1607091345.151,9.0
1607091345.1532,14.0
1607091345.1553,14.0
1607091345.1572,0.0
1607091345.1593,-9.0
1607091345.1613,50.0
1607091345.1633,266.0
1607091345.1652,601.0
1607091345.1672,808.0
1607091345.1692,541.0
1607091345.1713,-40.0
1607091345.6089,-230.0
1607091345.6099,-24.0
1607091345.6124,-2.0
1607091345.6135,-108.0
1607091345.615,-69.0
1607091345.617,-33.0
1607091345.6189,-60.0
1607091345.6211,-55.0
1607091345.623,-43.0
1607091345.625,-55.0
1607091345.627,-50.0
1607091345.629,-31.0
1607091345.6311,-31.0
1607091345.6331,-28.0
1607091345.635,-21.0
1607091345.637,-16.0
1607091345.639,-14.0
1607091345.641,-7.0
1607091345.643,0.0
1607091345.6436,4.0
1607091345.645,12.0
1607091345.647,19.0
1607091345.649,24.0
1607091345.6511,31.0
1607091345.653,45.0
1607091345.655,57.0
1607091345.657,69.0
1607091345.6584,86.0
1607091345.6601,101.0
1607091345.662,115.0
1607091345.664,132.0
1607091345.666,144.0
1607091345.6682,151.0
1607091345.67,158.0
1607091345.672,153.0
1607091345.6726,134.0
1607091345.674,108.0
1607091345.676,72.0
1607091345.678,33.0
1607091345.68,4.0
1607091345.682,-16.0
1607091345.684,-33.0
1607091345.686,-45.0
1607091345.688,-55.0
1607091345.69,-55.0
1607091345.6921,-50.0
1607091345.694,-48.0
1607091345.696,-50.0
1607091345.698,-50.0
1607091345.7,-45.0
1607091345.702,-43.0
1607091345.7035,-38.0
1607091345.7051,-33.0
1607091345.7071,-26.0
1607091345.709,-24.0
1607091345.711,-21.0
1607091345.713,-16.0
1607091345.7151,-12.0
1607091345.717,-12.0
1607091345.719,-12.0
1607091345.7211,-9.0
1607091345.7232,-9.0
1607091345.7253,-9.0
1607091345.7272,-4.0
1607091345.7291,-2.0
1607091345.7311,-4.0
1607091345.7317,-4.0
1607091345.7331,-7.0
1607091345.7351,-7.0
1607091345.7371,-7.0
1607091345.7391,-9.0
1607091345.7411,-9.0
1607091345.7431,-4.0
1607091346.1498,-2.0
1607091346.1508,-2.0
1607091346.1534,0.0
1607091346.1549,2.0
1607091346.1556,7.0
1607091346.1568,4.0
1607091346.1588,2.0
1607091346.1608,4.0
1607091346.1629,4.0
1607091346.1649,-2.0
1607091346.1668,-7.0
1607091346.1689,-4.0
1607091346.1708,0.0
1607091346.1729,0.0
1607091346.1749,-2.0
1607091346.1768,0.0
1607091346.1789,4.0
1607091346.1809,4.0
1607091346.1828,2.0
1607091346.1848,4.0
1607091346.1854,9.0
1607091346.1868,9.0
1607091346.1888,4.0
1607091346.191,4.0
1607091346.1929,9.0
1607091346.1948,9.0
1607091346.1968,12.0
1607091346.1988,12.0
1607091346.2008,16.0
1607091346.2028,16.0
1607091346.2049,14.0
1607091346.2069,12.0
1607091346.2089,14.0
1607091346.2109,14.0
1607091346.2125,16.0
1607091346.2139,16.0
1607091346.2159,16.0
1607091346.2178,16.0
1607091346.2199,16.0
1607091346.2219,14.0
1607091346.2239,12.0
1607091346.2259,9.0
1607091346.2279,9.0
1607091346.2299,12.0
1607091346.2319,12.0
1607091346.2339,12.0
1607091346.2359,12.0
1607091346.2379,9.0
1607091346.2399,4.0
1607091346.2419,4.0
1607091346.2425,7.0
1607091346.2439,4.0
1607091346.2459,14.0
1607091346.2479,33.0
1607091346.2499,48.0
1607091346.2519,45.0
1607091346.2539,36.0
1607091346.256,21.0
1607091346.2579,9.0
1607091346.2599,4.0
1607091346.2619,-2.0
1607091346.2639,-2.0
1607091346.2659,2.0
1607091346.2679,4.0
1607091346.27,2.0
1607091346.2719,-2.0
1607091346.2726,-16.0
1607091346.2739,-9.0
1607091346.276,125.0
1607091346.2779,420.0
1607091346.28,726.0
1607091346.2819,707.0
1607091346.2839,221.0
1607091346.6908,-204.0
1607091346.6922,-122.0
1607091346.6943,19.0
1607091346.6961,-81.0
1607091346.698,-113.0
1607091346.7,-50.0
1607091346.702,-67.0
1607091346.704,-88.0
1607091346.706,-62.0
1607091346.7066,-50.0
1607091346.7079,-57.0
1607091346.7099,-52.0
1607091346.7119,-40.0
1607091346.7139,-36.0
1607091346.7161,-31.0
1607091346.718,-24.0
1607091346.72,-16.0
1607091346.722,-14.0
1607091346.724,-9.0
1607091346.726,0.0
1607091346.728,7.0
1607091346.7299,14.0
1607091346.7319,19.0
1607091346.734,26.0
1607091346.7361,36.0
1607091346.7366,48.0
1607091346.738,57.0
1607091346.74,67.0
1607091346.742,81.0
1607091346.744,96.0
1607091346.7461,105.0
1607091346.748,115.0
1607091346.75,129.0
1607091346.752,134.0
1607091346.7541,132.0
1607091346.7561,127.0
1607091346.758,113.0
1607091346.76,84.0
1607091346.762,48.0
1607091346.764,16.0
1607091346.7661,-9.0
1607091346.7666,-33.0
1607091346.768,-48.0
1607091346.77,-52.0
1607091346.772,-55.0
1607091346.774,-57.0
1607091346.7761,-57.0
1607091346.778,-57.0
1607091346.78,-50.0
1607091346.782,-45.0
1607091346.784,-45.0
1607091346.7861,-38.0
1607091346.7883,-36.0
1607091346.7901,-43.0
1607091346.792,-43.0
1607091346.794,-33.0
1607091346.7961,-26.0
1607091346.7966,-26.0
1607091346.798,-26.0
1607091346.8001,-21.0
1607091346.802,-19.0
1607091346.8042,-19.0
1607091346.8062,-19.0
1607091346.8081,-14.0
1607091346.8101,-14.0
1607091346.8121,-19.0
1607091346.8141,-16.0
1607091346.8161,-12.0
1607091346.8181,-9.0
1607091346.8201,-12.0
1607091346.8221,-12.0
1607091346.8241,-9.0
1607091346.8261,-9.0
1607091347.2616,-9.0
1607091347.2626,-7.0
1607091347.265,-2.0
1607091347.2667,-4.0
1607091347.2687,-14.0
1607091347.2707,-14.0
1607091347.2727,-7.0
1607091347.2747,-4.0
1607091347.2767,-7.0
1607091347.2786,-7.0
1607091347.2806,-7.0
1607091347.2826,-4.0
1607091347.2846,-2.0
1607091347.2866,2.0
1607091347.2873,4.0
1607091347.2886,4.0
1607091347.2907,2.0
1607091347.2926,2.0
1607091347.2946,7.0
1607091347.2966,9.0
1607091347.2986,7.0
1607091347.3007,4.0
1607091347.3026,7.0
1607091347.3046,7.0
1607091347.3066,7.0
1607091347.3086,12.0
1607091347.3106,12.0
1607091347.3126,9.0
1607091347.3146,9.0
1607091347.3167,16.0
1607091347.3174,16.0
1607091347.3187,12.0
1607091347.3206,14.0
1607091347.3227,19.0
1607091347.3246,16.0
1607091347.3266,14.0
1607091347.3286,16.0
1607091347.3306,16.0
1607091347.3326,19.0
1607091347.3347,19.0
1607091347.3367,19.0
1607091347.3387,21.0
1607091347.3407,21.0
1607091347.3427,16.0
1607091347.3447,12.0
1607091347.3467,9.0
1607091347.3473,7.0
1607091347.3487,4.0
1607091347.3507,7.0
1607091347.3527,7.0
1607091347.3547,7.0
1607091347.3567,4.0
1607091347.3587,-2.0
1607091347.3607,-7.0
1607091347.3627,0.0
1607091347.3647,16.0
1607091347.3667,33.0
1607091347.3687,38.0
1607091347.3707,31.0
1607091347.3727,24.0
1607091347.3747,14.0
1607091347.3767,7.0
1607091347.3773,7.0
1607091347.3787,7.0
1607091347.3807,7.0
1607091347.3827,9.0
1607091347.3847,12.0
1607091347.3867,4.0
1607091347.3888,-7.0
1607091347.3907,-19.0
1607091347.3927,26.0
1607091347.3948,223.0
1607091347.3968,550.0
1607091347.8626,774.0
1607091347.8635,565.0
1607091347.866,19.0
1607091347.8687,-209.0
1607091347.8693,-28.0
1607091347.8706,0.0
1607091347.8726,-115.0
1607091347.8747,-84.0
1607091347.8769,-40.0
1607091347.8786,-72.0
1607091347.8806,-67.0
1607091347.8826,-43.0
1607091347.8846,-48.0
1607091347.8866,-45.0
1607091347.8886,-33.0
1607091347.8906,-31.0
1607091347.8926,-28.0
1607091347.8946,-19.0
1607091347.8966,-9.0
1607091347.8987,-4.0
1607091347.8992,-2.0
1607091347.9006,2.0
1607091347.9026,9.0
1607091347.9046,16.0
1607091347.9066,24.0
1607091347.9087,33.0
1607091347.9106,43.0
1607091347.9126,50.0
1607091347.9146,57.0
1607091347.9166,69.0
1607091347.9186,86.0
1607091347.9206,101.0
1607091347.9226,113.0
1607091347.9248,125.0
1607091347.9266,139.0
1607091347.9287,146.0
1607091347.9292,151.0
1607091347.9306,151.0
1607091347.9326,132.0
1607091347.9346,108.0
1607091347.9366,76.0
1607091347.9387,43.0
1607091347.9406,12.0
1607091347.9426,-12.0
1607091347.9446,-36.0
1607091347.9466,-48.0
1607091347.9487,-52.0
1607091347.9507,-52.0
1607091347.9527,-52.0
1607091347.9547,-50.0
1607091347.9566,-50.0
1607091347.9587,-50.0
1607091347.9593,-45.0
1607091347.9606,-36.0
1607091347.9626,-31.0
1607091347.9647,-26.0
1607091347.9667,-24.0
1607091347.9687,-21.0
1607091347.9707,-16.0
1607091347.9729,-12.0
1607091347.9747,-12.0
1607091347.9767,-9.0
1607091347.9787,-2.0
1607091347.9807,-2.0
1607091347.9827,-4.0
1607091347.9847,-2.0
1607091347.9867,0.0
1607091347.9887,0.0
1607091347.9893,2.0
1607091347.9907,4.0
1607091347.9927,4.0
1607091347.9947,4.0
1607091347.9967,2.0
1607091348.4034,4.0
1607091348.4043,7.0
1607091348.4067,4.0
1607091348.4094,4.0
1607091348.4114,7.0
1607091348.4134,9.0
1607091348.4155,12.0
1607091348.4174,9.0
1607091348.4194,7.0
1607091348.42,4.0
1607091348.4214,2.0
1607091348.4235,2.0
1607091348.4254,9.0
1607091348.4274,9.0
1607091348.4294,2.0
1607091348.4314,4.0
1607091348.4334,9.0
1607091348.4354,12.0
1607091348.4374,14.0
1607091348.4395,14.0
1607091348.4414,14.0
1607091348.4434,16.0
1607091348.4454,16.0
1607091348.4474,19.0
1607091348.4494,19.0
1607091348.45,19.0
1607091348.4514,16.0
1607091348.4534,16.0
1607091348.4554,21.0
1607091348.4574,21.0
1607091348.4594,14.0
1607091348.4614,14.0
1607091348.4634,21.0
1607091348.4654,21.0
1607091348.4674,16.0
1607091348.4694,16.0
1607091348.4714,16.0
1607091348.4736,14.0
1607091348.4755,14.0
1607091348.4775,19.0
1607091348.4795,21.0
1607091348.48,21.0
1607091348.4814,21.0
1607091348.4834,21.0
1607091348.4854,14.0
1607091348.4874,12.0
1607091348.4895,16.0
1607091348.4914,19.0
1607091348.4934,14.0
1607091348.4954,7.0
1607091348.4974,7.0
1607091348.4995,14.0
1607091348.5014,26.0
1607091348.5034,43.0
1607091348.5054,50.0
1607091348.5074,45.0
1607091348.5095,36.0
1607091348.5101,21.0
1607091348.5115,12.0
1607091348.5135,14.0
1607091348.5155,19.0
1607091348.5175,21.0
1607091348.5195,19.0
1607091348.5215,19.0
1607091348.5235,26.0
1607091348.5255,16.0
1607091348.5275,0.0
1607091348.5295,55.0
1607091348.5316,281.0
1607091348.5335,618.0
1607091348.5355,793.0
1607091348.5375,473.0
1607091348.5381,-110.0
1607091348.9742,-238.0
1607091348.9752,0.0
1607091348.9776,-2.0
1607091348.9804,-110.0
1607091348.9823,-57.0
1607091348.9843,-19.0
1607091348.9864,-57.0
1607091348.9883,-55.0
1607091348.9904,-36.0
1607091348.9923,-40.0
1607091348.9943,-36.0
1607091348.9963,-24.0
1607091348.9983,-24.0
1607091349.0003,-21.0
1607091349.0023,-14.0
1607091349.003,-9.0
1607091349.0043,-7.0
1607091349.0063,2.0
1607091349.0083,9.0
1607091349.0103,12.0
1607091349.0123,19.0
1607091349.0143,28.0
1607091349.0163,31.0
1607091349.0183,33.0
1607091349.0202,43.0
1607091349.0223,55.0
1607091349.0242,67.0
1607091349.0263,81.0
1607091349.0282,101.0
1607091349.0303,113.0
1607091349.0323,122.0
1607091349.0329,137.0
1607091349.0343,149.0
1607091349.0363,151.0
1607091349.0383,149.0
1607091349.0403,134.0
1607091349.0423,105.0
1607091349.0443,67.0
1607091349.0463,26.0
1607091349.0483,-7.0
1607091349.0503,-31.0
1607091349.0523,-45.0
1607091349.0543,-55.0
1607091349.0563,-64.0
1607091349.0583,-69.0
1607091349.0603,-67.0
1607091349.0623,-62.0
1607091349.0629,-60.0
1607091349.0643,-57.0
1607091349.0663,-52.0
1607091349.0683,-48.0
1607091349.0703,-43.0
1607091349.0723,-38.0
1607091349.0743,-33.0
1607091349.0763,-33.0
1607091349.0783,-28.0
1607091349.0804,-24.0
1607091349.0823,-21.0
1607091349.0843,-19.0
1607091349.0863,-19.0
1607091349.0883,-16.0
1607091349.0904,-16.0
1607091349.0923,-16.0
1607091349.093,-14.0
1607091349.0943,-12.0
1607091349.0963,-12.0
1607091349.0985,-12.0
1607091349.1004,-12.0
1607091349.1023,-9.0
1607091349.1043,-9.0
1607091349.1064,-9.0
1607091349.1084,-7.0
1607091349.1105,-4.0
1607091349.515,-4.0
1607091349.5159,-4.0
1607091349.5184,0.0
1607091349.5211,0.0
1607091349.523,-2.0
1607091349.5251,0.0
1607091349.5271,2.0
1607091349.5291,2.0
1607091349.5311,-2.0
1607091349.5331,-9.0
1607091349.535,-7.0
1607091349.537,-2.0
1607091349.539,-2.0
1607091349.5411,-4.0
1607091349.543,-2.0
1607091349.545,-2.0
1607091349.547,-7.0
1607091349.549,-7.0
1607091349.551,-4.0
1607091349.553,-4.0
1607091349.555,-7.0
1607091349.557,-4.0
1607091349.559,2.0
1607091349.5611,-2.0
1607091349.563,-4.0
1607091349.565,0.0
1607091349.567,2.0
1607091349.569,2.0
1607091349.571,4.0
1607091349.573,7.0
1607091349.575,7.0
1607091349.577,7.0
1607091349.579,9.0
1607091349.5813,9.0
1607091349.583,12.0
1607091349.585,14.0
1607091349.587,12.0
1607091349.589,7.0
1607091349.5911,7.0
1607091349.593,4.0
1607091349.595,2.0
1607091349.597,2.0
1607091349.5991,0.0
1607091349.6011,4.0
1607091349.6032,21.0
1607091349.6051,40.0
1607091349.6071,43.0
1607091349.6091,36.0
1607091349.6111,21.0
1607091349.6131,9.0
1607091349.6151,4.0
1607091349.6171,4.0
1607091349.6191,4.0
1607091349.6211,4.0
1607091349.6231,4.0
1607091349.6251,7.0
1607091349.6271,4.0
1607091349.6291,-4.0
1607091349.6311,-9.0
1607091349.6331,72.0
1607091349.6351,319.0
1607091349.6371,651.0
1607091349.6391,774.0
1607091349.6412,404.0
1607091349.6431,-129.0
1607091349.6451,-189.0
1607091349.6471,9.0
1607091349.6491,-36.0
1607091349.6512,-115.0
1607091349.6531,-55.0
1607091349.6551,-38.0
1607091349.6571,-69.0
1607091349.6591,-55.0
1607091350.0854,-38.0
1607091350.0862,-43.0
1607091350.0886,-36.0
1607091350.0914,-26.0
1607091350.0932,-26.0
1607091350.0952,-28.0
1607091350.0973,-26.0
1607091350.0992,-21.0
1607091350.1013,-16.0
1607091350.1033,-16.0
1607091350.1053,-14.0
1607091350.1073,-7.0
1607091350.1093,2.0
1607091350.1113,9.0
1607091350.1133,16.0
1607091350.1153,28.0
1607091350.1173,38.0
1607091350.1193,48.0
1607091350.1213,62.0
1607091350.1233,79.0
1607091350.1252,93.0
1607091350.1273,105.0
1607091350.1295,117.0
1607091350.1313,129.0
1607091350.1333,137.0
1607091350.1353,139.0
1607091350.1373,132.0
1607091350.1393,117.0
1607091350.1413,93.0
1607091350.1433,57.0
1607091350.1453,19.0
1607091350.1473,-9.0
1607091350.1493,-31.0
1607091350.1513,-48.0
1607091350.1533,-55.0
1607091350.1553,-57.0
1607091350.1573,-60.0
1607091350.1593,-62.0
1607091350.1613,-60.0
1607091350.1633,-52.0
1607091350.1653,-52.0
1607091350.1673,-55.0
1607091350.1693,-48.0
1607091350.1713,-40.0
1607091350.1733,-40.0
1607091350.1753,-36.0
1607091350.1773,-28.0
1607091350.1793,-26.0
1607091350.1814,-24.0
1607091350.1833,-24.0
1607091350.1854,-21.0
1607091350.1874,-19.0
1607091350.1893,-16.0
1607091350.1914,-16.0
1607091350.1933,-14.0
1607091350.1953,-9.0
1607091350.1973,-9.0
1607091350.1993,-12.0
1607091350.2014,-12.0
1607091350.2033,-9.0
1607091350.2054,-7.0
1607091350.2073,-7.0
1607091350.2093,-4.0
1607091350.2114,-2.0
1607091350.2133,-4.0
1607091350.2154,-4.0
1607091350.2174,-2.0
1607091350.2193,0.0
1607091350.2213,0.0
1607091350.2234,0.0
1607091350.2253,4.0
1607091350.2274,2.0
1607091350.2294,0.0
1607091350.6265,-2.0
1607091350.6274,-4.0
1607091350.6298,-4.0
1607091350.6325,-2.0
1607091350.6345,-2.0
1607091350.6364,0.0
1607091350.6384,0.0
1607091350.6404,-7.0
1607091350.6425,-12.0
1607091350.6444,-9.0
1607091350.6464,-7.0
1607091350.6484,-7.0
1607091350.6504,-4.0
1607091350.6525,0.0
1607091350.6544,0.0
1607091350.6564,0.0
1607091350.6584,2.0
1607091350.6604,4.0
1607091350.6625,4.0
1607091350.6644,7.0
1607091350.6664,7.0
1607091350.6684,7.0
1607091350.6704,7.0
1607091350.6724,9.0
1607091350.6744,9.0
1607091350.6764,9.0
1607091350.6784,12.0
1607091350.6804,12.0
1607091350.6824,12.0
1607091350.6844,14.0
1607091350.6864,14.0
1607091350.6884,12.0
1607091350.6904,12.0
1607091350.6924,14.0
1607091350.6944,12.0
1607091350.6964,14.0
1607091350.6985,12.0
1607091350.7004,4.0
1607091350.7025,2.0
1607091350.7044,2.0
1607091350.7065,9.0
1607091350.7084,28.0
1607091350.7105,43.0
1607091350.7125,40.0
1607091350.7144,36.0
1607091350.7164,26.0
1607091350.7185,9.0
1607091350.7205,4.0
1607091350.7225,9.0
1607091350.7245,12.0
1607091350.7265,9.0
1607091350.7287,9.0
1607091350.7305,12.0
1607091350.7325,9.0
1607091350.7345,-4.0
1607091350.7365,-4.0
1607091350.7385,96.0
1607091350.7405,355.0
1607091350.7425,675.0
1607091350.7445,757.0
1607091350.7465,358.0
1607091350.7485,-139.0
1607091350.7505,-151.0
1607091350.7525,19.0
1607091350.7545,-55.0
1607091350.7566,-122.0
1607091350.7585,-57.0
1607091350.7606,-57.0
1607091350.7626,-84.0
1607091350.7645,-60.0
1607091350.7665,-48.0
1607091350.7685,-57.0
1607091350.7705,-48.0
1607091351.2269,-38.0
1607091351.2276,-36.0
1607091351.23,-28.0
1607091351.2327,-21.0
1607091351.2347,-21.0
1607091351.2366,-24.0
1607091351.2388,-16.0
1607091351.2406,-9.0
1607091351.2427,-4.0
1607091351.2446,2.0
1607091351.2466,12.0
1607091351.2486,19.0
1607091351.2506,26.0
1607091351.2527,38.0
1607091351.2546,50.0
1607091351.2566,60.0
1607091351.2573,72.0
1607091351.2586,88.0
1607091351.2606,105.0
1607091351.2627,115.0
1607091351.2646,125.0
1607091351.2667,132.0
1607091351.2686,134.0
1607091351.2707,125.0
1607091351.2726,105.0
1607091351.2747,81.0
1607091351.2767,48.0
1607091351.2787,14.0
1607091351.2807,-14.0
1607091351.2829,-33.0
1607091351.2847,-48.0
1607091351.2867,-57.0
1607091351.2873,-57.0
1607091351.2887,-57.0
1607091351.2907,-60.0
1607091351.2927,-60.0
1607091351.2947,-52.0
1607091351.2967,-50.0
1607091351.2987,-48.0
1607091351.3007,-43.0
1607091351.3027,-36.0
1607091351.3047,-33.0
1607091351.3067,-28.0
1607091351.3087,-26.0
1607091351.3107,-21.0
1607091351.3127,-19.0
1607091351.3147,-16.0
1607091351.3167,-16.0
1607091351.3174,-14.0
1607091351.3187,-12.0
1607091351.3208,-9.0
1607091351.3229,-9.0
1607091351.3247,-9.0
1607091351.3267,-7.0
1607091351.3288,-9.0
1607091351.3308,-12.0
1607091351.3328,-9.0
1607091351.3347,-9.0
1607091351.3367,-12.0
1607091351.3387,-14.0
1607091351.3407,-12.0
1607091351.3427,-12.0
1607091351.3448,-12.0
1607091351.3468,-12.0
1607091351.3474,-9.0
1607091351.3488,-4.0
1607091351.3508,-4.0
1607091351.3528,-4.0
1607091351.3548,0.0
1607091351.3568,2.0
1607091351.3588,4.0
1607091351.3608,4.0
1607091351.3628,4.0
1607091351.798,9.0
1607091351.7989,12.0
1607091351.8014,12.0
1607091351.8041,12.0
1607091351.806,9.0
1607091351.808,7.0
1607091351.8102,9.0
1607091351.8112,12.0
1607091351.8131,12.0
1607091351.815,9.0
1607091351.817,2.0
1607091351.819,2.0
1607091351.821,4.0
1607091351.823,4.0
1607091351.8249,4.0
1607091351.827,7.0
1607091351.829,9.0
1607091351.831,9.0
1607091351.833,12.0
1607091351.835,12.0
1607091351.8369,9.0
1607091351.839,12.0
1607091351.8409,14.0
1607091351.8417,16.0
1607091351.8429,16.0
1607091351.845,14.0
1607091351.847,12.0
1607091351.849,16.0
1607091351.851,16.0
1607091351.853,12.0
1607091351.855,16.0
1607091351.857,21.0
1607091351.859,19.0
1607091351.861,19.0
1607091351.863,19.0
1607091351.865,16.0
1607091351.867,12.0
1607091351.869,12.0
1607091351.871,26.0
1607091351.8717,48.0
1607091351.873,52.0
1607091351.875,45.0
1607091351.877,38.0
1607091351.879,21.0
1607091351.881,14.0
1607091351.883,14.0
1607091351.885,14.0
1607091351.887,9.0
1607091351.889,12.0
1607091351.891,14.0
1607091351.893,12.0
1607091351.895,-2.0
1607091351.897,-16.0
1607091351.899,31.0
1607091351.901,221.0
1607091351.9017,543.0
1607091351.903,783.0
1607091351.905,577.0
1607091351.9073,2.0
1607091351.9091,-240.0
1607091351.911,-36.0
1607091351.913,19.0
1607091351.915,-98.0
1607091351.917,-72.0
1607091351.919,-26.0
1607091351.9211,-57.0
1607091351.923,-55.0
1607091351.9251,-33.0
1607091351.9271,-36.0
1607091351.9291,-33.0
1607091351.9311,-19.0
1607091351.9317,-16.0
1607091351.9331,-21.0
1607091352.3384,-14.0
1607091352.3392,-4.0
1607091352.3416,-2.0
1607091352.3443,0.0
1607091352.3463,4.0
1607091352.3482,9.0
1607091352.3503,14.0
1607091352.3523,21.0
1607091352.3543,31.0
1607091352.3562,43.0
1607091352.3582,48.0
1607091352.3602,50.0
1607091352.361,64.0
1607091352.3622,81.0
1607091352.3643,88.0
1607091352.3662,103.0
1607091352.3682,125.0
1607091352.3702,137.0
1607091352.3722,139.0
1607091352.3742,146.0
1607091352.3762,149.0
1607091352.3782,139.0
1607091352.3802,110.0
1607091352.3822,72.0
1607091352.3843,36.0
1607091352.3862,7.0
1607091352.3882,-19.0
1607091352.3902,-45.0
1607091352.3909,-57.0
1607091352.3922,-55.0
1607091352.3943,-60.0
1607091352.3962,-64.0
1607091352.3982,-60.0
1607091352.4002,-55.0
1607091352.4022,-52.0
1607091352.4043,-48.0
1607091352.4065,-43.0
1607091352.4083,-43.0
1607091352.4103,-38.0
1607091352.4122,-31.0
1607091352.4143,-31.0
1607091352.4163,-31.0
1607091352.4182,-26.0
1607091352.4203,-21.0
1607091352.4209,-24.0
1607091352.4223,-21.0
1607091352.4243,-19.0
1607091352.4263,-16.0
1607091352.4282,-14.0
1607091352.4303,-16.0
1607091352.4323,-16.0
1607091352.4343,-14.0
1607091352.4363,-9.0
1607091352.4383,-7.0
1607091352.4403,-7.0
1607091352.4423,-9.0
1607091352.4443,-4.0
1607091352.4463,-2.0
1607091352.4483,-4.0
1607091352.4503,-2.0
1607091352.451,0.0
1607091352.4523,2.0
1607091352.4543,2.0
1607091352.4563,4.0
1607091352.4583,7.0
1607091352.4603,7.0
1607091352.4623,4.0
1607091352.4644,4.0
1607091352.4663,7.0
1607091352.4683,4.0
1607091352.4704,4.0
1607091352.4723,7.0
1607091352.4743,7.0
1607091352.8793,4.0
1607091352.8803,7.0
1607091352.8819,14.0
1607091352.8844,12.0
1607091352.8863,9.0
1607091352.8883,14.0
1607091352.8903,16.0
1607091352.8923,12.0
1607091352.8944,4.0
1607091352.8963,7.0
1607091352.8983,9.0
1607091352.9003,7.0
1607091352.9023,4.0
1607091352.9043,9.0
1607091352.9065,9.0
1607091352.9084,9.0
1607091352.9103,14.0
1607091352.9109,16.0
1607091352.9122,16.0
1607091352.9143,14.0
1607091352.9163,16.0
1607091352.9183,19.0
1607091352.9203,16.0
1607091352.9223,16.0
1607091352.9243,14.0
1607091352.9263,16.0
1607091352.9283,19.0
1607091352.9303,14.0
1607091352.9323,7.0
1607091352.9344,7.0
1607091352.9363,21.0
1607091352.9383,40.0
1607091352.9403,52.0
1607091352.941,48.0
1607091352.9423,38.0
1607091352.9443,24.0
1607091352.9463,9.0
1607091352.9483,2.0
1607091352.9503,4.0
1607091352.9523,9.0
1607091352.9543,9.0
1607091352.9563,9.0
1607091352.9583,9.0
1607091352.9604,2.0
1607091352.9623,-9.0
1607091352.9643,14.0
1607091352.9663,175.0
1607091352.9683,485.0
1607091352.9703,764.0
1607091352.971,666.0
1607091352.9723,127.0
1607091352.9743,-226.0
1607091352.9763,-74.0
1607091352.9783,36.0
1607091352.9803,-79.0
1607091352.9823,-84.0
1607091352.9844,-21.0
1607091352.9863,-40.0
1607091352.9883,-57.0
1607091352.9904,-38.0
1607091352.9923,-36.0
1607091352.9944,-38.0
1607091352.9965,-28.0
1607091352.9984,-24.0
1607091353.0004,-21.0
1607091353.0012,-14.0
1607091353.0025,-12.0
1607091353.0044,-9.0
1607091353.0064,-2.0
1607091353.0084,2.0
1607091353.0104,4.0
1607091353.0124,12.0
1607091353.0144,21.0
1607091353.4498,28.0
1607091353.4508,33.0
1607091353.4533,40.0
1607091353.456,55.0
1607091353.4579,69.0
1607091353.4599,74.0
1607091353.4606,84.0
1607091353.462,101.0
1607091353.464,115.0
1607091353.4659,125.0
1607091353.4678,132.0
1607091353.4698,139.0
1607091353.4718,139.0
1607091353.4739,125.0
1607091353.4758,101.0
1607091353.4778,69.0
1607091353.4798,33.0
1607091353.4818,-2.0
1607091353.4839,-28.0
1607091353.4859,-48.0
1607091353.4878,-62.0
1607091353.4898,-67.0
1607091353.4905,-67.0
1607091353.4918,-67.0
1607091353.4938,-64.0
1607091353.4959,-64.0
1607091353.4978,-62.0
1607091353.4998,-57.0
1607091353.5019,-55.0
1607091353.5038,-52.0
1607091353.5059,-48.0
1607091353.5079,-40.0
1607091353.5099,-36.0
1607091353.5119,-36.0
1607091353.5139,-28.0
1607091353.5159,-24.0
1607091353.5179,-24.0
1607091353.5199,-21.0
1607091353.5206,-16.0
1607091353.5219,-12.0
1607091353.5239,-12.0
1607091353.5259,-12.0
1607091353.5279,-12.0
1607091353.5301,-9.0
1607091353.532,-7.0
1607091353.5339,-4.0
1607091353.536,-4.0
1607091353.5379,-4.0
1607091353.5399,-2.0
1607091353.542,-4.0
1607091353.5439,-4.0
1607091353.5459,-4.0
1607091353.5479,-7.0
1607091353.5499,-2.0
1607091353.5506,0.0
1607091353.5519,2.0
1607091353.5539,0.0
1607091353.556,2.0
1607091353.5579,4.0
1607091353.5599,7.0
1607091353.5619,9.0
1607091353.5639,12.0
1607091353.566,12.0
1607091353.5679,9.0
1607091353.5699,7.0
1607091353.5719,9.0
1607091353.5739,12.0
1607091353.5759,14.0
1607091353.5779,14.0
1607091353.5799,16.0
1607091353.5806,16.0
1607091353.5819,16.0
1607091353.5839,19.0
1607091353.9903,19.0
1607091353.9912,19.0
1607091353.993,21.0
1607091353.9949,21.0
1607091353.9969,19.0
1607091353.999,16.0
1607091354.0009,14.0
1607091354.0029,9.0
1607091354.0049,12.0
1607091354.0069,14.0
1607091354.0089,12.0
1607091354.0109,9.0
1607091354.0115,12.0
1607091354.0128,14.0
1607091354.0149,14.0
1607091354.0169,14.0
1607091354.0189,14.0
1607091354.0209,14.0
1607091354.0229,16.0
1607091354.0249,19.0
1607091354.0269,16.0
1607091354.0291,14.0
1607091354.0309,14.0
1607091354.033,14.0
1607091354.0348,14.0
1607091354.0369,14.0
1607091354.0389,16.0
1607091354.0409,16.0
1607091354.0415,14.0
1607091354.0429,14.0
1607091354.0449,12.0
1607091354.0469,7.0
1607091354.0489,7.0
1607091354.0509,7.0
1607091354.053,14.0
1607091354.0549,36.0
1607091354.0569,52.0
1607091354.0589,45.0
1607091354.0609,36.0
1607091354.0629,28.0
1607091354.0649,14.0
1607091354.0669,9.0
1607091354.0689,12.0
1607091354.0709,14.0
1607091354.0715,14.0
1607091354.0729,14.0
1607091354.0749,12.0
1607091354.0769,12.0
1607091354.0789,2.0
1607091354.0809,2.0
1607091354.0829,103.0
1607091354.0849,375.0
1607091354.0869,692.0
1607091354.0889,750.0
1607091354.0909,327.0
1607091354.0929,-149.0
1607091354.0949,-137.0
1607091354.0969,26.0
1607091354.0989,-52.0
1607091354.1009,-105.0
1607091354.1015,-43.0
1607091354.1029,-45.0
1607091354.1049,-67.0
1607091354.1069,-45.0
1607091354.109,-38.0
1607091354.1109,-45.0
1607091354.1129,-33.0
1607091354.1149,-24.0
1607091354.1169,-21.0
1607091354.119,-19.0
1607091354.1209,-9.0
1607091354.123,-2.0
1607091354.1252,2.0
1607091354.6217,2.0
1607091354.623,7.0
1607091354.6254,14.0
1607091354.6281,12.0
1607091354.63,7.0
1607091354.632,16.0
1607091354.6341,31.0
1607091354.6361,40.0
1607091354.638,48.0
1607091354.64,62.0
1607091354.642,79.0
1607091354.644,93.0
1607091354.646,105.0
1607091354.648,117.0
1607091354.65,125.0
1607091354.652,127.0
1607091354.654,127.0
1607091354.6547,125.0
1607091354.6561,108.0
1607091354.658,79.0
1607091354.66,48.0
1607091354.662,16.0
1607091354.664,-14.0
1607091354.666,-38.0
1607091354.6679,-50.0
1607091354.67,-57.0
1607091354.672,-62.0
1607091354.674,-64.0
1607091354.676,-62.0
1607091354.678,-57.0
1607091354.68,-52.0
1607091354.682,-52.0
1607091354.684,-52.0
1607091354.6846,-50.0
1607091354.686,-45.0
1607091354.688,-40.0
1607091354.69,-33.0
1607091354.692,-33.0
1607091354.694,-33.0
1607091354.6961,-28.0
1607091354.698,-21.0
1607091354.7,-16.0
1607091354.702,-16.0
1607091354.704,-14.0
1607091354.7061,-14.0
1607091354.708,-12.0
1607091354.71,-12.0
1607091354.712,-12.0
1607091354.7127,-7.0
1607091354.714,-7.0
1607091354.7163,-7.0
1607091354.7181,-9.0
1607091354.72,-7.0
1607091354.722,-4.0
1607091354.724,-4.0
1607091354.726,-4.0
1607091354.728,-2.0
1607091354.73,-2.0
1607091354.732,-2.0
1607091354.734,2.0
1607091354.736,4.0
1607091354.738,4.0
1607091354.74,4.0
1607091354.742,4.0
1607091354.7427,4.0
1607091354.744,4.0
1607091354.746,2.0
1607091354.748,2.0
1607091354.75,7.0
1607091354.752,7.0
1607091354.754,7.0
1607091354.756,9.0
1607091354.758,9.0
1607091355.1618,9.0
1607091355.1625,9.0
1607091355.1649,12.0
1607091355.1676,14.0
1607091355.1696,16.0
1607091355.1703,14.0
1607091355.1716,14.0
1607091355.1737,12.0
1607091355.1756,2.0
1607091355.1776,-4.0
1607091355.1796,0.0
1607091355.1816,4.0
1607091355.1836,-2.0
1607091355.1856,-7.0
1607091355.1876,-4.0
1607091355.1896,0.0
1607091355.1915,0.0
1607091355.1936,0.0
1607091355.1956,4.0
1607091355.1976,4.0
1607091355.1997,2.0
1607091355.2004,4.0
1607091355.2026,9.0
1607091355.2046,12.0
1607091355.2066,7.0
1607091355.2087,4.0
1607091355.2106,4.0
1607091355.2126,4.0
1607091355.2148,7.0
1607091355.2167,7.0
1607091355.2186,12.0
1607091355.2206,14.0
1607091355.2226,12.0
1607091355.2246,9.0
1607091355.2266,9.0
1607091355.2286,9.0
1607091355.2306,7.0
1607091355.2313,7.0
1607091355.2326,16.0
1607091355.2346,38.0
1607091355.2366,50.0
1607091355.2386,48.0
1607091355.2406,43.0
1607091355.2426,31.0
1607091355.2446,19.0
1607091355.2466,14.0
1607091355.2486,16.0
1607091355.2506,14.0
1607091355.2526,12.0
1607091355.2546,14.0
1607091355.2566,14.0
1607091355.2586,7.0
1607091355.2606,-4.0
1607091355.2613,-7.0
1607091355.2626,84.0
1607091355.2646,336.0
1607091355.2666,658.0
1607091355.2686,757.0
1607091355.2706,379.0
1607091355.2726,-120.0
1607091355.2746,-156.0
1607091355.2766,21.0
1607091355.2786,-36.0
1607091355.2806,-103.0
1607091355.2826,-43.0
1607091355.2847,-36.0
1607091355.2867,-62.0
1607091355.2887,-45.0
1607091355.2906,-33.0
1607091355.2914,-36.0
1607091355.2937,-26.0
1607091355.2956,-14.0
1607091355.2977,-14.0
1607091355.7023,-12.0
1607091355.7032,-9.0
1607091355.7048,-7.0
1607091355.7068,-2.0
1607091355.7087,4.0
1607091355.7108,12.0
1607091355.713,14.0
1607091355.7148,21.0
1607091355.7167,28.0
1607091355.7187,33.0
1607091355.7207,38.0
1607091355.7214,48.0
1607091355.7228,60.0
1607091355.7247,72.0
1607091355.7267,81.0
1607091355.7287,96.0
1607091355.7307,110.0
1607091355.7327,125.0
1607091355.7347,132.0
1607091355.7367,134.0
1607091355.7387,141.0
1607091355.7407,141.0
1607091355.7427,125.0
1607091355.7448,98.0
1607091355.7467,64.0
1607091355.7487,28.0
1607091355.7507,-2.0
1607091355.7591,-24.0
1607091355.7608,-36.0
1607091355.7628,-48.0
1607091355.7647,-50.0
1607091355.7667,-50.0
1607091355.7688,-50.0
1607091355.7707,-55.0
1607091355.7727,-55.0
1607091355.7748,-45.0
1607091355.7768,-38.0
1607091355.7787,-38.0
1607091355.7808,-33.0
1607091355.7828,-24.0
1607091355.7848,-21.0
1607091355.7868,-21.0
1607091355.7875,-16.0
1607091355.7887,-14.0
1607091355.7908,-9.0
1607091355.7928,-7.0
1607091355.7948,-4.0
1607091355.7968,-7.0
1607091355.7988,-9.0
1607091355.8008,-7.0
1607091355.8028,-2.0
1607091355.8035,0.0
1607091355.8058,2.0
1607091355.8078,2.0
1607091355.8098,2.0
1607091355.8118,2.0
1607091355.8138,2.0
1607091355.8146,4.0
1607091355.8158,4.0
1607091355.8178,7.0
1607091355.8198,7.0
1607091355.8219,7.0
1607091355.8239,7.0
1607091355.8258,12.0
1607091355.8278,9.0
1607091355.8298,7.0
1607091355.8318,7.0
1607091355.8338,12.0
1607091355.8358,14.0
1607091355.8378,12.0
1607091355.8398,14.0
1607091355.8418,14.0
1607091355.8438,14.0
1607091356.2731,16.0
1607091356.274,19.0
1607091356.2765,21.0
1607091356.2791,19.0
1607091356.2811,19.0
1607091356.2831,19.0
1607091356.2852,14.0
1607091356.2871,9.0
1607091356.2891,7.0
1607091356.2911,9.0
1607091356.2931,9.0
1607091356.295,7.0
1607091356.2971,7.0
1607091356.2991,12.0
1607091356.2997,14.0
1607091356.3011,16.0
1607091356.3031,21.0
1607091356.3051,21.0
1607091356.3071,21.0
1607091356.3091,19.0
1607091356.311,19.0
1607091356.313,21.0
1607091356.315,24.0
1607091356.317,19.0
1607091356.3191,16.0
1607091356.3211,19.0
1607091356.323,19.0
1607091356.325,19.0
1607091356.3271,21.0
1607091356.329,26.0
1607091356.3297,24.0
1607091356.3312,24.0
1607091356.333,26.0
1607091356.335,26.0
1607091356.337,24.0
1607091356.3393,21.0
1607091356.3411,19.0
1607091356.343,16.0
1607091356.3451,16.0
1607091356.347,24.0
1607091356.3491,43.0
1607091356.3511,57.0
1607091356.3531,55.0
1607091356.3551,50.0
1607091356.3571,40.0
1607091356.3591,21.0
1607091356.3597,16.0
1607091356.3611,19.0
1607091356.3631,16.0
1607091356.3651,14.0
1607091356.3671,16.0
1607091356.3691,16.0
1607091356.3711,14.0
1607091356.3731,4.0
1607091356.3751,2.0
1607091356.3771,113.0
1607091356.3791,394.0
1607091356.3811,721.0
1607091356.3831,757.0
1607091356.3851,281.0
1607091356.3871,-211.0
1607091356.3891,-151.0
1607091356.3898,43.0
1607091356.3911,-43.0
1607091356.3931,-93.0
1607091356.3951,-24.0
1607091356.3971,-26.0
1607091356.3991,-52.0
1607091356.4011,-28.0
1607091356.4031,-16.0
1607091356.4051,-24.0
1607091356.4071,-16.0
1607091356.4091,-7.0
1607091356.8136,-7.0
1607091356.8145,-2.0
1607091356.817,4.0
1607091356.8196,9.0
1607091356.8216,12.0
1607091356.8223,16.0
1607091356.8236,26.0
1607091356.8256,33.0
1607091356.8276,28.0
1607091356.8295,33.0
1607091356.8316,48.0
1607091356.8335,55.0
1607091356.8356,57.0
1607091356.8378,72.0
1607091356.8396,91.0
1607091356.8415,103.0
1607091356.8435,117.0
1607091356.8455,129.0
1607091356.8476,144.0
1607091356.8496,156.0
1607091356.8515,163.0
1607091356.8522,168.0
1607091356.8535,161.0
1607091356.8555,139.0
1607091356.8575,105.0
1607091356.8596,67.0
1607091356.8615,28.0
1607091356.8635,-2.0
1607091356.8655,-26.0
1607091356.8675,-45.0
1607091356.8696,-55.0
1607091356.8715,-55.0
1607091356.8736,-57.0
1607091356.8756,-57.0
1607091356.8776,-55.0
1607091356.8795,-52.0
1607091356.8815,-48.0
1607091356.8821,-40.0
1607091356.8835,-36.0
1607091356.8856,-36.0
1607091356.8875,-31.0
1607091356.8896,-24.0
1607091356.8915,-19.0
1607091356.8935,-19.0
1607091356.8955,-14.0
1607091356.8975,-7.0
1607091356.8996,-7.0
1607091356.9015,-7.0
1607091356.9036,-4.0
1607091356.9056,-2.0
1607091356.9076,-4.0
1607091356.9096,-7.0
1607091356.9116,-7.0
1607091356.9122,-4.0
1607091356.9136,-2.0
1607091356.9156,-2.0
1607091356.9176,-4.0
1607091356.9196,-4.0
1607091356.9216,0.0
1607091356.9236,0.0
1607091356.9256,2.0
1607091356.9276,0.0
1607091356.9296,-4.0
1607091356.9316,-2.0
1607091356.9338,2.0
1607091356.9357,4.0
1607091356.9376,4.0
1607091356.9396,4.0
1607091356.9416,4.0
1607091356.9422,7.0
1607091356.9436,7.0
1607091356.9456,7.0
1607091356.9476,9.0
1607091357.3534,12.0
1607091357.3541,9.0
1607091357.3553,9.0
1607091357.3573,12.0
1607091357.3593,12.0
1607091357.3612,7.0
1607091357.3632,7.0
1607091357.3653,7.0
1607091357.3672,9.0
1607091357.3679,2.0
1607091357.3693,-7.0
1607091357.3712,-7.0
1607091357.3732,2.0
1607091357.3752,2.0
1607091357.3772,-2.0
1607091357.3792,-2.0
1607091357.3812,-2.0
1607091357.3832,0.0
1607091357.3852,2.0
1607091357.3872,2.0
1607091357.3893,2.0
1607091357.3912,0.0
1607091357.3932,0.0
1607091357.3952,2.0
1607091357.3972,4.0
1607091357.3979,4.0
1607091357.3993,7.0
1607091357.4013,12.0
1607091357.4033,9.0
1607091357.4052,4.0
1607091357.4072,7.0
1607091357.4093,14.0
1607091357.4112,14.0
1607091357.4132,12.0
1607091357.4152,12.0
1607091357.4172,14.0
1607091357.4192,12.0
1607091357.4212,9.0
1607091357.4232,7.0
1607091357.4252,2.0
1607091357.4272,0.0
1607091357.4279,2.0
1607091357.4295,19.0
1607091357.4313,36.0
1607091357.4333,36.0
1607091357.4352,28.0
1607091357.4373,19.0
1607091357.4393,7.0
1607091357.4412,0.0
1607091357.4433,2.0
1607091357.4453,4.0
1607091357.4473,4.0
1607091357.4493,4.0
1607091357.4513,7.0
1607091357.4533,7.0
1607091357.4553,-2.0
1607091357.4573,-14.0
1607091357.4579,43.0
1607091357.4593,264.0
1607091357.4613,593.0
1607091357.4633,786.0
1607091357.4653,521.0
1607091357.4673,-26.0
1607091357.4693,-199.0
1607091357.4713,-7.0
1607091357.4733,0.0
1607091357.4753,-98.0
1607091357.4773,-55.0
1607091357.4793,-21.0
1607091357.4813,-57.0
1607091357.4833,-48.0
1607091357.4853,-21.0
1607091357.4875,-28.0
1607091357.9541,-28.0
1607091357.955,-16.0
1607091357.9575,-16.0
1607091357.9602,-24.0
1607091357.9621,-16.0
1607091357.9641,-4.0
1607091357.9662,0.0
1607091357.9681,0.0
1607091357.9702,4.0
1607091357.9721,16.0
1607091357.9741,24.0
1607091357.9761,28.0
1607091357.9781,31.0
1607091357.9801,43.0
1607091357.9821,52.0
1607091357.9841,60.0
1607091357.9847,69.0
1607091357.9861,86.0
1607091357.9881,98.0
1607091357.9901,113.0
1607091357.9923,127.0
1607091357.9941,139.0
1607091357.9961,144.0
1607091357.9981,149.0
1607091358.0001,149.0
1607091358.0021,139.0
1607091358.0041,110.0
1607091358.006,74.0
1607091358.0081,40.0
1607091358.0101,12.0
1607091358.0121,-9.0
1607091358.0141,-28.0
1607091358.0147,-40.0
1607091358.0161,-48.0
1607091358.0181,-52.0
1607091358.0201,-55.0
1607091358.022,-57.0
1607091358.024,-57.0
1607091358.0261,-52.0
1607091358.028,-50.0
1607091358.0301,-48.0
1607091358.0321,-40.0
1607091358.034,-36.0
1607091358.0361,-36.0
1607091358.0381,-33.0
1607091358.0401,-28.0
1607091358.0421,-26.0
1607091358.0441,-24.0
1607091358.0447,-21.0
1607091358.0461,-19.0
1607091358.0481,-16.0
1607091358.0501,-14.0
1607091358.0521,-9.0
1607091358.0541,-9.0
1607091358.056,-9.0
1607091358.0581,-7.0
1607091358.0601,-7.0
1607091358.0621,-7.0
1607091358.0641,-7.0
1607091358.0661,-4.0
1607091358.0681,-2.0
1607091358.0701,0.0
1607091358.0721,-2.0
1607091358.0741,-4.0
1607091358.0747,-2.0
1607091358.0761,0.0
1607091358.0781,2.0
1607091358.0801,4.0
1607091358.0821,4.0
1607091358.0841,0.0
1607091358.0861,2.0
1607091358.0883,7.0
1607091358.0902,7.0
1607091358.525,9.0
1607091358.5259,9.0
1607091358.5283,9.0
1607091358.53,4.0
1607091358.532,4.0
1607091358.5326,7.0
1607091358.534,9.0
1607091358.536,9.0
1607091358.538,0.0
1607091358.5401,-4.0
1607091358.542,0.0
1607091358.544,2.0
1607091358.546,0.0
1607091358.548,2.0
1607091358.5501,4.0
1607091358.552,4.0
1607091358.554,7.0
1607091358.556,7.0
1607091358.558,4.0
1607091358.56,4.0
1607091358.562,2.0
1607091358.5626,0.0
1607091358.564,4.0
1607091358.566,7.0
1607091358.568,7.0
1607091358.57,7.0
1607091358.5719,7.0
1607091358.574,7.0
1607091358.5759,4.0
1607091358.5779,2.0
1607091358.5799,2.0
1607091358.5819,0.0
1607091358.5839,2.0
1607091358.586,4.0
1607091358.588,7.0
1607091358.59,4.0
1607091358.5919,4.0
1607091358.5926,4.0
1607091358.594,2.0
1607091358.5959,2.0
1607091358.598,4.0
1607091358.6,7.0
1607091358.6019,4.0
1607091358.6039,0.0
1607091358.6059,-4.0
1607091358.608,-2.0
1607091358.61,0.0
1607091358.612,-2.0
1607091358.614,-2.0
1607091358.6161,-4.0
1607091358.618,-9.0
1607091358.62,-2.0
1607091358.622,21.0
1607091358.6226,38.0
1607091358.624,33.0
1607091358.626,26.0
1607091358.628,16.0
1607091358.63,4.0
1607091358.632,2.0
1607091358.634,4.0
1607091358.636,7.0
1607091358.638,9.0
1607091358.64,7.0
1607091358.642,4.0
1607091358.644,7.0
1607091358.646,-4.0
1607091358.648,-7.0
1607091358.65,91.0
1607091358.652,355.0
1607091358.6526,675.0
1607091358.654,747.0
1607091358.656,343.0
1607091358.658,-139.0
1607091359.065,-139.0
1607091359.0657,28.0
1607091359.0682,-45.0
1607091359.0708,-103.0
1607091359.0727,-38.0
1607091359.0747,-38.0
1607091359.0768,-67.0
1607091359.0788,-45.0
1607091359.0808,-36.0
1607091359.0814,-48.0
1607091359.0827,-40.0
1607091359.0848,-28.0
1607091359.0868,-26.0
1607091359.0888,-24.0
1607091359.0908,-16.0
1607091359.0927,-9.0
1607091359.0947,-7.0
1607091359.0967,0.0
1607091359.0987,4.0
1607091359.1008,12.0
1607091359.1027,19.0
1607091359.1047,21.0
1607091359.1067,26.0
1607091359.1087,33.0
1607091359.1108,45.0
1607091359.1114,55.0
1607091359.1129,64.0
1607091359.1149,76.0
1607091359.1168,91.0
1607091359.1187,103.0
1607091359.1208,115.0
1607091359.1228,127.0
1607091359.1248,134.0
1607091359.1267,137.0
1607091359.1287,134.0
1607091359.1308,117.0
1607091359.1327,91.0
1607091359.1348,60.0
1607091359.1367,28.0
1607091359.1387,0.0
1607091359.1408,-24.0
1607091359.1414,-43.0
1607091359.1427,-52.0
1607091359.1448,-57.0
1607091359.1467,-60.0
1607091359.1488,-57.0
1607091359.1508,-52.0
1607091359.1528,-52.0
1607091359.1548,-52.0
1607091359.1567,-48.0
1607091359.1588,-40.0
1607091359.1608,-40.0
1607091359.1628,-38.0
1607091359.1648,-31.0
1607091359.1668,-26.0
1607091359.1688,-24.0
1607091359.171,-24.0
1607091359.1728,-21.0
1607091359.1748,-21.0
1607091359.1768,-19.0
1607091359.1788,-16.0
1607091359.1808,-16.0
1607091359.1828,-14.0
1607091359.1848,-12.0
1607091359.1868,-12.0
1607091359.1888,-12.0
1607091359.1908,-9.0
1607091359.1928,-9.0
1607091359.1948,-12.0
1607091359.1968,-9.0
1607091359.1988,-4.0
1607091359.2008,-4.0
1607091359.2014,-4.0
1607091359.6658,-4.0
1607091359.6667,-2.0
1607091359.6692,0.0
1607091359.6718,2.0
1607091359.6738,4.0
1607091359.6761,2.0
1607091359.6779,-7.0
1607091359.6798,-12.0
1607091359.6818,-4.0
1607091359.6838,2.0
1607091359.6858,0.0
1607091359.6878,-4.0
1607091359.6898,-4.0
1607091359.6918,-2.0
1607091359.6938,-2.0
1607091359.6944,0.0
1607091359.6957,0.0
1607091359.6978,-2.0
1607091359.6998,-4.0
1607091359.7019,-4.0
1607091359.7038,2.0
1607091359.7058,4.0
1607091359.7078,4.0
1607091359.7098,4.0
1607091359.7118,2.0
1607091359.7138,2.0
1607091359.7157,7.0
1607091359.7178,9.0
1607091359.7197,12.0
1607091359.7218,12.0
1607091359.7238,9.0
1607091359.7244,7.0
1607091359.7258,9.0
1607091359.7277,12.0
1607091359.7298,12.0
1607091359.7317,14.0
1607091359.7338,16.0
1607091359.7357,14.0
1607091359.7377,16.0
1607091359.7397,21.0
1607091359.7418,21.0
1607091359.7437,19.0
1607091359.7457,21.0
1607091359.7477,24.0
1607091359.7498,24.0
1607091359.7517,19.0
1607091359.7537,16.0
1607091359.7544,19.0
1607091359.7557,16.0
1607091359.7578,9.0
1607091359.7598,7.0
1607091359.7618,12.0
1607091359.7638,9.0
1607091359.7659,2.0
1607091359.7678,4.0
1607091359.7698,21.0
1607091359.772,40.0
1607091359.7738,50.0
1607091359.7758,48.0
1607091359.7778,40.0
1607091359.7798,26.0
1607091359.7817,14.0
1607091359.7838,12.0
1607091359.7844,14.0
1607091359.7858,16.0
1607091359.7878,16.0
1607091359.7898,19.0
1607091359.7917,24.0
1607091359.7938,16.0
1607091359.7958,2.0
1607091359.7978,16.0
1607091359.7998,153.0
1607091359.8018,444.0
1607091360.1762,740.0
1607091360.1771,702.0
1607091360.1795,194.0
1607091360.1813,-211.0
1607091360.1817,-91.0
1607091360.1831,52.0
1607091360.1851,-57.0
1607091360.1871,-84.0
1607091360.1891,-21.0
1607091360.1912,-38.0
1607091360.1931,-57.0
1607091360.1951,-36.0
1607091360.1972,-33.0
1607091360.1991,-36.0
1607091360.2012,-24.0
1607091360.2031,-16.0
1607091360.2051,-19.0
1607091360.2071,-12.0
1607091360.2091,-2.0
1607091360.2112,2.0
1607091360.2117,4.0
1607091360.2131,12.0
1607091360.2151,19.0
1607091360.2171,26.0
1607091360.2191,31.0
1607091360.2212,36.0
1607091360.2231,43.0
1607091360.2251,52.0
1607091360.2271,60.0
1607091360.2291,74.0
1607091360.2311,91.0
1607091360.2331,103.0
1607091360.2351,120.0
1607091360.2371,139.0
1607091360.2393,146.0
1607091360.2412,149.0
1607091360.2417,156.0
1607091360.2431,161.0
1607091360.2451,153.0
1607091360.2471,132.0
1607091360.2491,96.0
1607091360.2511,55.0
1607091360.2531,21.0
1607091360.2551,-7.0
1607091360.2571,-28.0
1607091360.2591,-45.0
1607091360.2612,-55.0
1607091360.2631,-57.0
1607091360.2651,-55.0
1607091360.2671,-52.0
1607091360.2691,-60.0
1607091360.2711,-55.0
1607091360.2717,-45.0
1607091360.2731,-43.0
1607091360.2751,-48.0
1607091360.2771,-38.0
1607091360.2791,-31.0
1607091360.2812,-28.0
1607091360.2831,-24.0
1607091360.2851,-19.0
1607091360.2872,-16.0
1607091360.2891,-14.0
1607091360.2912,-12.0
1607091360.2931,-9.0
1607091360.2951,-7.0
1607091360.2972,-7.0
1607091360.2991,-4.0
1607091360.3012,-7.0
1607091360.3018,-4.0
1607091360.3031,0.0
1607091360.3052,-2.0
1607091360.3071,-7.0
1607091360.3092,-9.0
1607091360.7465,-9.0
1607091360.7475,-9.0
1607091360.7499,-7.0
1607091360.7525,-4.0
1607091360.7546,-9.0
1607091360.7565,-16.0
1607091360.7587,-16.0
1607091360.7607,-12.0
1607091360.7625,-12.0
1607091360.7645,-9.0
1607091360.7651,-7.0
1607091360.7665,-7.0
1607091360.7687,-4.0
1607091360.7706,-2.0
1607091360.7726,-2.0
1607091360.7745,-2.0
1607091360.7765,0.0
1607091360.7785,2.0
1607091360.7805,4.0
1607091360.7825,4.0
1607091360.7845,4.0
1607091360.7865,7.0
1607091360.7885,4.0
1607091360.7905,4.0
1607091360.7926,7.0
1607091360.7945,4.0
1607091360.7951,7.0
1607091360.7975,12.0
1607091360.7995,9.0
1607091360.8015,7.0
1607091360.8035,7.0
1607091360.8055,7.0
1607091360.8075,7.0
1607091360.8095,7.0
1607091360.8115,7.0
1607091360.8135,12.0
1607091360.8155,14.0
1607091360.8175,12.0
1607091360.8195,9.0
1607091360.8215,14.0
1607091360.8235,14.0
1607091360.8255,14.0
1607091360.8261,14.0
1607091360.8275,12.0
1607091360.8295,9.0
1607091360.8316,9.0
1607091360.8335,12.0
1607091360.8355,28.0
1607091360.8375,48.0
1607091360.8395,48.0
1607091360.8415,36.0
1607091360.8435,26.0
1607091360.8455,14.0
1607091360.8475,4.0
1607091360.8495,9.0
1607091360.8515,12.0
1607091360.8535,7.0
1607091360.8555,9.0
1607091360.8561,16.0
1607091360.8575,12.0
1607091360.8595,-4.0
1607091360.8615,2.0
1607091360.8635,122.0
1607091360.8658,401.0
1607091360.8676,721.0
1607091360.8695,750.0
1607091360.8716,271.0
1607091360.8735,-221.0
1607091360.8755,-153.0
1607091360.8775,40.0
1607091360.8795,-50.0
1607091360.8816,-103.0
1607091360.8835,-31.0
1607091361.3471,-31.0
1607091361.348,-55.0
1607091361.3504,-31.0
1607091361.3521,-19.0
1607091361.3541,-24.0
1607091361.3561,-19.0
1607091361.3581,-16.0
1607091361.3601,-16.0
1607091361.3621,-7.0
1607091361.364,-2.0
1607091361.366,-2.0
1607091361.368,7.0
1607091361.37,16.0
1607091361.3721,21.0
1607091361.374,24.0
1607091361.3747,31.0
1607091361.376,38.0
1607091361.378,48.0
1607091361.38,60.0
1607091361.3821,72.0
1607091361.384,84.0
1607091361.386,96.0
1607091361.388,108.0
1607091361.39,120.0
1607091361.3921,137.0
1607091361.394,151.0
1607091361.396,158.0
1607091361.398,163.0
1607091361.4,168.0
1607091361.4021,161.0
1607091361.404,139.0
1607091361.4046,105.0
1607091361.406,64.0
1607091361.408,24.0
1607091361.41,-4.0
1607091361.4121,-21.0
1607091361.414,-33.0
1607091361.4162,-45.0
1607091361.418,-50.0
1607091361.42,-50.0
1607091361.422,-52.0
1607091361.4242,-50.0
1607091361.4261,-48.0
1607091361.428,-43.0
1607091361.43,-40.0
1607091361.4321,-36.0
1607091361.434,-28.0
1607091361.4346,-26.0
1607091361.436,-24.0
1607091361.438,-19.0
1607091361.44,-14.0
1607091361.442,-12.0
1607091361.444,-7.0
1607091361.4461,-4.0
1607091361.448,-4.0
1607091361.45,-7.0
1607091361.4521,-7.0
1607091361.454,-7.0
1607091361.456,-9.0
1607091361.458,-9.0
1607091361.46,-7.0
1607091361.4621,-7.0
1607091361.464,-4.0
1607091361.4647,-4.0
1607091361.466,-4.0
1607091361.4681,-2.0
1607091361.47,0.0
1607091361.4721,2.0
1607091361.474,-2.0
1607091361.476,-2.0
1607091361.478,4.0
1607091361.4801,9.0
1607091361.4821,7.0
1607091361.8873,12.0
1607091361.8882,12.0
1607091361.8906,12.0
1607091361.8924,14.0
1607091361.8943,16.0
1607091361.8963,14.0
1607091361.8969,14.0
1607091361.8983,16.0
1607091361.9003,16.0
1607091361.9023,16.0
1607091361.9043,16.0
1607091361.9063,12.0
1607091361.9083,7.0
1607091361.9103,9.0
1607091361.9123,7.0
1607091361.9142,4.0
1607091361.9162,9.0
1607091361.9182,12.0
1607091361.9202,9.0
1607091361.9225,12.0
1607091361.9243,14.0
1607091361.9263,14.0
1607091361.9269,16.0
1607091361.9283,19.0
1607091361.9303,19.0
1607091361.9323,16.0
1607091361.9342,16.0
1607091361.9362,16.0
1607091361.9382,19.0
1607091361.9402,21.0
1607091361.9423,19.0
1607091361.9442,16.0
1607091361.9463,16.0
1607091361.9482,19.0
1607091361.9502,19.0
1607091361.9523,21.0
1607091361.9543,24.0
1607091361.9563,24.0
1607091361.9569,19.0
1607091361.9583,16.0
1607091361.9603,16.0
1607091361.9623,16.0
1607091361.9643,14.0
1607091361.9663,21.0
1607091361.9683,43.0
1607091361.9703,52.0
1607091361.9724,48.0
1607091361.9743,40.0
1607091361.9763,28.0
1607091361.9783,14.0
1607091361.9803,7.0
1607091361.9823,4.0
1607091361.9843,7.0
1607091361.9863,4.0
1607091361.9869,2.0
1607091361.9883,7.0
1607091361.9903,2.0
1607091361.9923,-14.0
1607091361.9943,0.0
1607091361.9963,141.0
1607091361.9983,440.0
1607091362.0003,738.0
1607091362.0023,707.0
1607091362.0043,218.0
1607091362.0063,-192.0
1607091362.0083,-98.0
1607091362.0103,33.0
1607091362.0123,-72.0
1607091362.0143,-96.0
1607091362.0163,-33.0
1607091362.0171,-45.0
1607091362.0183,-62.0
1607091362.0203,-38.0
1607091362.4573,-33.0
1607091362.4583,-40.0
1607091362.4607,-31.0
1607091362.4634,-21.0
1607091362.4653,-21.0
1607091362.4673,-16.0
1607091362.4694,-14.0
1607091362.4713,-12.0
1607091362.4734,-12.0
1607091362.4753,-9.0
1607091362.4759,-2.0
1607091362.4773,9.0
1607091362.4793,12.0
1607091362.4813,16.0
1607091362.4833,31.0
1607091362.4853,43.0
1607091362.4873,50.0
1607091362.4893,62.0
1607091362.4913,79.0
1607091362.4933,91.0
1607091362.4954,103.0
1607091362.4973,120.0
1607091362.4993,134.0
1607091362.5013,146.0
1607091362.5033,149.0
1607091362.5053,146.0
1607091362.5059,141.0
1607091362.5073,122.0
1607091362.5093,93.0
1607091362.5113,60.0
1607091362.5133,26.0
1607091362.5153,0.0
1607091362.5173,-21.0
1607091362.5193,-33.0
1607091362.5206,-38.0
1607091362.5224,-40.0
1607091362.5243,-45.0
1607091362.5263,-45.0
1607091362.5283,-43.0
1607091362.5303,-38.0
1607091362.5324,-36.0
1607091362.5329,-31.0
1607091362.5343,-28.0
1607091362.5363,-28.0
1607091362.5383,-26.0
1607091362.5403,-19.0
1607091362.5424,-14.0
1607091362.5443,-12.0
1607091362.5465,-7.0
1607091362.5483,-4.0
1607091362.5503,-2.0
1607091362.5524,-2.0
1607091362.5543,0.0
1607091362.5563,4.0
1607091362.5583,4.0
1607091362.5603,7.0
1607091362.5624,9.0
1607091362.5629,9.0
1607091362.5643,9.0
1607091362.5663,12.0
1607091362.5683,12.0
1607091362.5703,7.0
1607091362.5724,9.0
1607091362.5743,12.0
1607091362.5763,9.0
1607091362.5783,12.0
1607091362.5803,14.0
1607091362.5824,14.0
1607091362.5843,9.0
1607091362.5863,12.0
1607091362.5884,12.0
1607091362.5903,12.0
1607091362.5924,12.0
1607091363.0276,12.0
1607091363.0285,12.0
1607091363.0309,12.0
1607091363.0337,16.0
1607091363.0356,14.0
1607091363.0376,9.0
1607091363.0396,12.0
1607091363.0416,16.0
1607091363.0435,19.0
1607091363.0455,12.0
1607091363.0475,4.0
1607091363.0495,4.0
1607091363.0515,7.0
1607091363.0536,7.0
1607091363.0555,7.0
1607091363.0575,12.0
1607091363.0582,14.0
1607091363.0595,12.0
1607091363.0615,12.0
1607091363.0635,14.0
1607091363.0655,16.0
1607091363.0675,14.0
1607091363.0695,16.0
1607091363.0715,19.0
1607091363.0735,19.0
1607091363.0755,19.0
1607091363.0777,21.0
1607091363.0796,21.0
1607091363.0815,21.0
1607091363.0836,21.0
1607091363.0855,24.0
1607091363.0875,24.0
1607091363.0881,24.0
1607091363.0895,24.0
1607091363.0915,28.0
1607091363.0936,26.0
1607091363.0955,14.0
1607091363.0975,9.0
1607091363.0995,14.0
1607091363.1017,12.0
1607091363.1035,4.0
1607091363.1055,7.0
1607091363.1075,16.0
1607091363.1095,33.0
1607091363.1115,48.0
1607091363.1135,48.0
1607091363.1155,40.0
1607091363.1161,31.0
1607091363.1175,19.0
1607091363.1196,14.0
1607091363.1215,12.0
1607091363.1236,9.0
1607091363.1255,14.0
1607091363.1275,14.0
1607091363.1295,14.0
1607091363.1315,14.0
1607091363.1336,2.0
1607091363.1355,-2.0
1607091363.1375,96.0
1607091363.1395,358.0
1607091363.1415,673.0
1607091363.1436,745.0
1607091363.1455,341.0
1607091363.1461,-149.0
1607091363.1475,-153.0
1607091363.1495,16.0
1607091363.1515,-52.0
1607091363.1536,-113.0
1607091363.1555,-50.0
1607091363.1575,-45.0
1607091363.1595,-69.0
1607091363.1615,-52.0
1607091363.1636,-38.0
1607091363.538,-40.0
1607091363.5388,-36.0
1607091363.5412,-26.0
1607091363.5439,-24.0
1607091363.5447,-19.0
1607091363.5459,-14.0
1607091363.5478,-12.0
1607091363.55,-14.0
1607091363.5518,-9.0
1607091363.5539,-2.0
1607091363.5559,-2.0
1607091363.5579,-4.0
1607091363.5598,4.0
1607091363.5619,16.0
1607091363.5639,26.0
1607091363.5658,33.0
1607091363.5678,43.0
1607091363.5698,57.0
1607091363.5718,74.0
1607091363.5738,88.0
1607091363.5744,98.0
1607091363.5758,115.0
1607091363.5778,132.0
1607091363.5798,137.0
1607091363.5818,137.0
1607091363.5839,134.0
1607091363.5858,117.0
1607091363.5878,86.0
1607091363.5898,50.0
1607091363.5918,12.0
1607091363.5939,-14.0
1607091363.5958,-33.0
1607091363.5978,-48.0
1607091363.5998,-57.0
1607091363.6018,-64.0
1607091363.6039,-64.0
1607091363.6044,-57.0
1607091363.6058,-55.0
1607091363.6078,-57.0
1607091363.6098,-52.0
1607091363.6118,-45.0
1607091363.6139,-40.0
1607091363.6158,-38.0
1607091363.6178,-33.0
1607091363.6198,-28.0
1607091363.6219,-21.0
1607091363.6239,-19.0
1607091363.6258,-16.0
1607091363.6278,-12.0
1607091363.6298,-4.0
1607091363.6318,-4.0
1607091363.6338,-9.0
1607091363.6345,-7.0
1607091363.6358,-4.0
1607091363.638,-4.0
1607091363.64,0.0
1607091363.6419,4.0
1607091363.6439,2.0
1607091363.6459,-4.0
1607091363.6478,-2.0
1607091363.6498,2.0
1607091363.6518,2.0
1607091363.6539,0.0
1607091363.6559,2.0
1607091363.6579,4.0
1607091363.6599,2.0
1607091363.6619,2.0
1607091363.6639,4.0
1607091363.6645,7.0
1607091363.6659,9.0
1607091363.6678,9.0
1607091363.6699,7.0
1607091363.6719,9.0
1607091364.1084,14.0
1607091364.1092,12.0
1607091364.1117,12.0
1607091364.1143,12.0
1607091364.1162,7.0
1607091364.1182,0.0
1607091364.1202,-2.0
1607091364.1223,2.0
1607091364.1229,7.0
1607091364.1242,9.0
1607091364.1262,7.0
1607091364.1282,4.0
1607091364.1302,7.0
1607091364.1322,12.0
1607091364.1343,12.0
1607091364.1362,9.0
1607091364.1382,9.0
1607091364.1402,12.0
1607091364.1422,12.0
1607091364.1442,9.0
1607091364.1462,7.0
1607091364.1482,7.0
1607091364.1502,2.0
1607091364.1522,4.0
1607091364.1528,7.0
1607091364.1542,7.0
1607091364.1562,9.0
1607091364.1582,12.0
1607091364.1602,9.0
1607091364.1622,9.0
1607091364.1642,14.0
1607091364.1662,14.0
1607091364.1682,14.0
1607091364.1704,16.0
1607091364.1723,14.0
1607091364.1743,7.0
1607091364.1762,2.0
1607091364.1782,9.0
1607091364.1802,12.0
1607091364.1822,21.0
1607091364.1828,36.0
1607091364.1843,43.0
1607091364.1862,33.0
1607091364.1882,21.0
1607091364.1902,14.0
1607091364.1922,9.0
1607091364.1943,7.0
1607091364.1962,7.0
1607091364.1982,7.0
1607091364.2002,9.0
1607091364.2022,12.0
1607091364.2042,9.0
1607091364.2062,2.0
1607091364.2082,-4.0
1607091364.2102,38.0
1607091364.2122,226.0
1607091364.2128,555.0
1607091364.2142,793.0
1607091364.2162,569.0
1607091364.2183,-16.0
1607091364.2202,-250.0
1607091364.2222,-28.0
1607091364.2243,24.0
1607091364.2262,-101.0
1607091364.2282,-76.0
1607091364.2302,-26.0
1607091364.2322,-55.0
1607091364.2343,-55.0
1607091364.2362,-33.0
1607091364.2382,-36.0
1607091364.2402,-38.0
1607091364.2422,-26.0
1607091364.2428,-21.0
1607091364.7085,-16.0
1607091364.7094,-12.0
1607091364.7118,-12.0
1607091364.7136,-9.0
1607091364.7155,-4.0
1607091364.7175,-9.0
1607091364.7195,-9.0
1607091364.7215,4.0
1607091364.7237,16.0
1607091364.7255,16.0
1607091364.7275,24.0
1607091364.7297,38.0
1607091364.7315,48.0
1607091364.7336,55.0
1607091364.7354,69.0
1607091364.736,88.0
1607091364.7374,103.0
1607091364.7394,115.0
1607091364.7414,129.0
1607091364.7434,141.0
1607091364.7454,144.0
1607091364.7474,139.0
1607091364.7494,127.0
1607091364.7514,98.0
1607091364.7534,60.0
1607091364.7554,19.0
1607091364.7574,-9.0
1607091364.7594,-36.0
1607091364.7614,-62.0
1607091364.7634,-72.0
1607091364.7654,-74.0
1607091364.766,-76.0
1607091364.7674,-76.0
1607091364.7694,-76.0
1607091364.7714,-76.0
1607091364.7734,-72.0
1607091364.7754,-67.0
1607091364.7774,-62.0
1607091364.7794,-52.0
1607091364.7814,-45.0
1607091364.7834,-43.0
1607091364.7854,-43.0
1607091364.7874,-38.0
1607091364.7894,-36.0
1607091364.7914,-33.0
1607091364.7934,-28.0
1607091364.7954,-21.0
1607091364.796,-21.0
1607091364.7974,-24.0
1607091364.7994,-24.0
1607091364.8014,-19.0
1607091364.8034,-16.0
1607091364.8054,-16.0
1607091364.8074,-16.0
1607091364.8094,-14.0
1607091364.8114,-12.0
1607091364.8134,-12.0
1607091364.8154,-12.0
1607091364.8174,-12.0
1607091364.8194,-12.0
1607091364.8214,-14.0
1607091364.8235,-9.0
1607091364.8256,-7.0
1607091364.8261,-9.0
1607091364.8274,-9.0
1607091364.8294,-9.0
1607091364.8314,-9.0
1607091364.8334,-9.0
1607091364.8354,-9.0
1607091364.8374,-7.0
1607091364.8394,-7.0
1607091364.8414,-7.0
1607091364.8434,-7.0
1607091365.2491,-4.0
1607091365.2498,0.0
1607091365.2522,-2.0
1607091365.2539,-2.0
1607091365.2546,2.0
1607091365.2559,4.0
1607091365.2579,2.0
1607091365.2599,-4.0
1607091365.2619,-2.0
1607091365.264,0.0
1607091365.2659,-4.0
1607091365.2679,-12.0
1607091365.2699,-7.0
1607091365.2719,-4.0
1607091365.274,-7.0
1607091365.2759,-9.0
1607091365.2779,-7.0
1607091365.2799,-4.0
1607091365.2819,-4.0
1607091365.284,-2.0
1607091365.2845,-2.0
1607091365.2859,0.0
1607091365.2879,2.0
1607091365.2899,2.0
1607091365.2919,-2.0
1607091365.294,-7.0
1607091365.2959,-9.0
1607091365.2979,-12.0
1607091365.2999,-12.0
1607091365.3019,-4.0
1607091365.304,12.0
1607091365.3059,26.0
1607091365.3079,28.0
1607091365.3099,24.0
1607091365.3119,14.0
1607091365.3139,2.0
1607091365.3145,-2.0
1607091365.3159,-2.0
1607091365.3179,-2.0
1607091365.3199,0.0
1607091365.3221,0.0
1607091365.324,-4.0
1607091365.3259,-7.0
1607091365.3279,-12.0
1607091365.3299,-21.0
1607091365.332,48.0
1607091365.3339,283.0
1607091365.3359,620.0
1607091365.3379,786.0
1607091365.3399,456.0
1607091365.3419,-110.0
1607091365.3439,-226.0
1607091365.3445,-9.0
1607091365.3459,-24.0
1607091365.3479,-122.0
1607091365.3499,-74.0
1607091365.3519,-55.0
1607091365.3539,-91.0
1607091365.3559,-76.0
1607091365.3579,-50.0
1607091365.3599,-57.0
1607091365.3619,-55.0
1607091365.3639,-45.0
1607091365.3659,-40.0
1607091365.3679,-38.0
1607091365.3699,-26.0
1607091365.3719,-19.0
1607091365.374,-19.0
1607091365.3745,-19.0
1607091365.3759,-9.0
1607091365.3779,-2.0
1607091365.3799,2.0
1607091365.3819,7.0
1607091365.8195,12.0
1607091365.8204,19.0
1607091365.8228,33.0
1607091365.8255,43.0
1607091365.8275,52.0
1607091365.8295,69.0
1607091365.8317,88.0
1607091365.8335,96.0
1607091365.8355,101.0
1607091365.8374,113.0
1607091365.8381,125.0
1607091365.8394,125.0
1607091365.8415,117.0
1607091365.8435,101.0
1607091365.8455,72.0
1607091365.8474,33.0
1607091365.8496,0.0
1607091365.8515,-24.0
1607091365.8537,-50.0
1607091365.8555,-72.0
1607091365.8574,-79.0
1607091365.8594,-79.0
1607091365.8614,-81.0
1607091365.8635,-81.0
1607091365.8655,-76.0
1607091365.8675,-74.0
1607091365.8681,-72.0
1607091365.8694,-64.0
1607091365.8714,-60.0
1607091365.8734,-60.0
1607091365.8754,-55.0
1607091365.8774,-50.0
1607091365.8795,-45.0
1607091365.8814,-38.0
1607091365.8834,-31.0
1607091365.8855,-28.0
1607091365.8874,-31.0
1607091365.8894,-28.0
1607091365.8914,-24.0
1607091365.8934,-19.0
1607091365.8955,-19.0
1607091365.8974,-19.0
1607091365.898,-19.0
1607091365.8994,-16.0
1607091365.9014,-14.0
1607091365.9034,-14.0
1607091365.9055,-14.0
1607091365.9074,-16.0
1607091365.9094,-16.0
1607091365.9114,-16.0
1607091365.9134,-16.0
1607091365.9155,-14.0
1607091365.9174,-9.0
1607091365.9194,-9.0
1607091365.9214,-9.0
1607091365.9235,-12.0
1607091365.9255,-9.0
1607091365.9275,-9.0
1607091365.9281,-7.0
1607091365.9294,-4.0
1607091365.9314,-2.0
1607091365.9334,-4.0
1607091365.9355,-4.0
1607091365.9374,-2.0
1607091365.9395,2.0
1607091365.9415,2.0
1607091365.9435,-2.0
1607091365.9455,-2.0
1607091365.9475,0.0
1607091365.9497,-2.0
1607091365.9515,-2.0
1607091365.9535,0.0
1607091365.9555,0.0
1607091366.3591,-2.0
1607091366.3599,-2.0
1607091366.3622,0.0
1607091366.3639,2.0
1607091366.366,2.0
1607091366.3679,2.0
1607091366.3699,0.0
1607091366.3719,-2.0
1607091366.3739,-4.0
1607091366.3759,-12.0
1607091366.3779,-12.0
1607091366.3799,-7.0
1607091366.3819,-7.0
1607091366.3839,-12.0
1607091366.3859,-4.0
1607091366.3865,-2.0
1607091366.3879,-2.0
1607091366.3899,-4.0
1607091366.3919,-2.0
1607091366.3939,0.0
1607091366.3959,0.0
1607091366.3979,2.0
1607091366.3999,4.0
1607091366.4019,4.0
1607091366.4039,2.0
1607091366.4059,4.0
1607091366.4079,7.0
1607091366.4099,4.0
1607091366.4119,2.0
1607091366.4139,2.0
1607091366.4159,2.0
1607091366.4165,0.0
1607091366.4179,-2.0
1607091366.4199,-2.0
1607091366.4219,-4.0
1607091366.4239,0.0
1607091366.4259,19.0
1607091366.4279,38.0
1607091366.4299,36.0
1607091366.4319,24.0
1607091366.4339,12.0
1607091366.436,0.0
1607091366.4379,-4.0
1607091366.4399,-2.0
1607091366.4419,-2.0
1607091366.4439,0.0
1607091366.4459,4.0
1607091366.4467,2.0
1607091366.448,0.0
1607091366.4499,-9.0
1607091366.4519,-16.0
1607091366.4539,57.0
1607091366.4559,295.0
1607091366.4579,625.0
1607091366.4599,769.0
1607091366.4619,440.0
1607091366.4639,-91.0
1607091366.4659,-182.0
1607091366.4679,4.0
1607091366.4699,-38.0
1607091366.4719,-127.0
1607091366.4739,-69.0
1607091366.476,-48.0
1607091366.4765,-79.0
1607091366.4779,-64.0
1607091366.4799,-45.0
1607091366.4819,-50.0
1607091366.4839,-45.0
1607091366.486,-33.0
1607091366.4879,-31.0
1607091366.4899,-31.0
1607091366.4919,-26.0
1607091366.4939,-19.0
1607091366.9301,-14.0
1607091366.9311,-7.0
1607091366.9335,-2.0
1607091366.9362,4.0
1607091366.9381,9.0
1607091366.9401,14.0
1607091366.9408,14.0
1607091366.9422,19.0
1607091366.9441,33.0
1607091366.9461,45.0
1607091366.9481,55.0
1607091366.9501,67.0
1607091366.9521,84.0
1607091366.9542,101.0
1607091366.9561,110.0
1607091366.9581,120.0
1607091366.9601,129.0
1607091366.9621,132.0
1607091366.9642,129.0
1607091366.9661,117.0
1607091366.9681,91.0
1607091366.9687,57.0
1607091366.9701,24.0
1607091366.9721,-4.0
1607091366.9741,-26.0
1607091366.9763,-40.0
1607091366.9782,-52.0
1607091366.9801,-60.0
1607091366.9822,-62.0
1607091366.9841,-64.0
1607091366.9861,-64.0
1607091366.9881,-57.0
1607091366.9901,-52.0
1607091366.9921,-50.0
1607091366.9941,-45.0
1607091366.9961,-43.0
1607091366.9967,-40.0
1607091366.9981,-36.0
1607091367.0001,-33.0
1607091367.0021,-26.0
1607091367.0041,-21.0
1607091367.0061,-21.0
1607091367.0081,-19.0
1607091367.0101,-19.0
1607091367.0121,-14.0
1607091367.0141,-12.0
1607091367.0162,-9.0
1607091367.0181,-9.0
1607091367.0201,-9.0
1607091367.0221,-7.0
1607091367.0241,-7.0
1607091367.0261,-12.0
1607091367.0267,-14.0
1607091367.0281,-14.0
1607091367.0301,-9.0
1607091367.032,-7.0
1607091367.0341,-9.0
1607091367.0362,-9.0
1607091367.0381,-4.0
1607091367.0401,0.0
1607091367.0421,-2.0
1607091367.0441,-2.0
1607091367.0461,0.0
1607091367.0481,-2.0
1607091367.0501,0.0
1607091367.0521,2.0
1607091367.0541,2.0
1607091367.0561,4.0
1607091367.0567,4.0
1607091367.0581,4.0
1607091367.0601,9.0
1607091367.0621,9.0
1607091367.0641,7.0
1607091367.47,9.0
1607091367.4707,14.0
1607091367.473,12.0
1607091367.4759,7.0
1607091367.4778,7.0
1607091367.4783,12.0
1607091367.4797,14.0
1607091367.4817,7.0
1607091367.4837,0.0
1607091367.4857,7.0
1607091367.4877,9.0
1607091367.4897,4.0
1607091367.4917,4.0
1607091367.4937,9.0
1607091367.4957,9.0
1607091367.4977,7.0
1607091367.4996,7.0
1607091367.5017,9.0
1607091367.5037,12.0
1607091367.5057,9.0
1607091367.5077,7.0
1607091367.5083,9.0
1607091367.5097,12.0
1607091367.5117,12.0
1607091367.5137,9.0
1607091367.5157,12.0
1607091367.5177,12.0
1607091367.5197,7.0
1607091367.5217,7.0
1607091367.5237,12.0
1607091367.5257,12.0
1607091367.5277,9.0
1607091367.5297,12.0
1607091367.5317,16.0
1607091367.5337,14.0
1607091367.5357,12.0
1607091367.5377,14.0
1607091367.5383,9.0
1607091367.5397,4.0
1607091367.5417,4.0
1607091367.5437,7.0
1607091367.5457,16.0
1607091367.5477,36.0
1607091367.5497,45.0
1607091367.5517,38.0
1607091367.5537,28.0
1607091367.5557,16.0
1607091367.5577,7.0
1607091367.5597,9.0
1607091367.5617,12.0
1607091367.5638,7.0
1607091367.5657,0.0
1607091367.5677,-2.0
1607091367.5683,-2.0
1607091367.5699,-4.0
1607091367.5717,-21.0
1607091367.5737,-9.0
1607091367.5757,132.0
1607091367.5777,432.0
1607091367.5797,735.0
1607091367.5817,697.0
1607091367.5837,180.0
1607091367.5857,-233.0
1607091367.5877,-110.0
1607091367.5897,36.0
1607091367.5917,-79.0
1607091367.5937,-101.0
1607091367.5957,-28.0
1607091367.5977,-45.0
1607091367.5983,-62.0
1607091367.5997,-36.0
1607091367.6017,-31.0
1607091367.6037,-36.0
1607091368.0704,-26.0
1607091368.0713,-19.0
1607091368.0729,-16.0
1607091368.0749,-9.0
1607091368.0769,-7.0
1607091368.0789,-14.0
1607091368.0809,-7.0
1607091368.0829,4.0
1607091368.0849,7.0
1607091368.0869,12.0
1607091368.0875,19.0
1607091368.0888,24.0
1607091368.0909,28.0
1607091368.0929,40.0
1607091368.0949,50.0
1607091368.0969,57.0
1607091368.0988,72.0
1607091368.1009,91.0
1607091368.1029,108.0
1607091368.1048,127.0
1607091368.1068,137.0
1607091368.1088,144.0
1607091368.1108,151.0
1607091368.1128,156.0
1607091368.1148,149.0
1607091368.1168,129.0
1607091368.1174,93.0
1607091368.1188,50.0
1607091368.1209,16.0
1607091368.1229,-9.0
1607091368.1249,-33.0
1607091368.1268,-48.0
1607091368.129,-52.0
1607091368.1309,-60.0
1607091368.1328,-62.0
1607091368.1348,-62.0
1607091368.1368,-60.0
1607091368.1388,-60.0
1607091368.1408,-55.0
1607091368.1428,-50.0
1607091368.1448,-50.0
1607091368.1468,-45.0
1607091368.1474,-36.0
1607091368.1488,-33.0
1607091368.1508,-28.0
1607091368.1528,-24.0
1607091368.1548,-21.0
1607091368.1568,-24.0
1607091368.1588,-21.0
1607091368.1608,-14.0
1607091368.1628,-9.0
1607091368.1648,-12.0
1607091368.1668,-12.0
1607091368.1688,-7.0
1607091368.1708,-9.0
1607091368.1728,-9.0
1607091368.1748,-7.0
1607091368.1768,-4.0
1607091368.1774,-4.0
1607091368.1788,-2.0
1607091368.1808,-4.0
1607091368.1828,-4.0
1607091368.1848,0.0
1607091368.1869,0.0
1607091368.1888,0.0
1607091368.1909,2.0
1607091368.1929,2.0
1607091368.1948,2.0
1607091368.1968,7.0
1607091368.1988,9.0
1607091368.2008,9.0
1607091368.2028,7.0
1607091368.2049,7.0
1607091368.6709,7.0
1607091368.6718,12.0
1607091368.6743,12.0
1607091368.6769,7.0
1607091368.6789,9.0
1607091368.6809,14.0
1607091368.683,9.0
1607091368.6849,9.0
1607091368.6869,12.0
1607091368.6889,7.0
1607091368.6912,-2.0
1607091368.6929,0.0
1607091368.6949,7.0
1607091368.6969,4.0
1607091368.6989,4.0
1607091368.7009,9.0
1607091368.7029,9.0
1607091368.7036,7.0
1607091368.7049,12.0
1607091368.7068,14.0
1607091368.7088,14.0
1607091368.7108,14.0
1607091368.7128,12.0
1607091368.7148,12.0
1607091368.7168,12.0
1607091368.7188,9.0
1607091368.7208,9.0
1607091368.7228,9.0
1607091368.7248,12.0
1607091368.7268,12.0
1607091368.7288,9.0
1607091368.7308,9.0
1607091368.7328,9.0
1607091368.7334,4.0
1607091368.7348,2.0
1607091368.7369,-4.0
1607091368.7388,-4.0
1607091368.7408,12.0
1607091368.7428,36.0
1607091368.7448,45.0
1607091368.7468,38.0
1607091368.7488,26.0
1607091368.7508,12.0
1607091368.7528,7.0
1607091368.7548,7.0
1607091368.7568,7.0
1607091368.7588,7.0
1607091368.7608,7.0
1607091368.7628,4.0
1607091368.7634,2.0
1607091368.7648,-4.0
1607091368.7668,-14.0
1607091368.7688,50.0
1607091368.7708,281.0
1607091368.7728,622.0
1607091368.7748,800.0
1607091368.7769,488.0
1607091368.7788,-88.0
1607091368.7808,-223.0
1607091368.7828,-2.0
1607091368.7848,-7.0
1607091368.787,-110.0
1607091368.7889,-60.0
1607091368.7908,-28.0
1607091368.7928,-64.0
1607091368.7935,-55.0
1607091368.7948,-31.0
1607091368.7969,-40.0
1607091368.7988,-43.0
1607091368.8008,-28.0
1607091368.8028,-21.0
1607091368.8048,-19.0
1607091368.8068,-12.0
1607091369.1806,-7.0
1607091369.1813,-7.0
1607091369.1837,0.0
1607091369.1863,9.0
1607091369.1883,14.0
1607091369.1889,21.0
1607091369.1903,28.0
1607091369.1924,33.0
1607091369.1943,40.0
1607091369.1964,52.0
1607091369.1983,57.0
1607091369.2003,62.0
1607091369.2023,76.0
1607091369.2036,93.0
1607091369.2053,105.0
1607091369.2073,113.0
1607091369.2093,122.0
1607091369.2113,132.0
1607091369.2133,137.0
1607091369.2153,132.0
1607091369.2159,120.0
1607091369.2173,91.0
1607091369.2193,48.0
1607091369.2213,9.0
1607091369.2233,-14.0
1607091369.2253,-43.0
1607091369.2273,-67.0
1607091369.2293,-76.0
1607091369.2313,-74.0
1607091369.2333,-76.0
1607091369.2353,-79.0
1607091369.2373,-76.0
1607091369.2393,-69.0
1607091369.2413,-64.0
1607091369.2433,-62.0
1607091369.2453,-57.0
1607091369.2459,-50.0
1607091369.2473,-48.0
1607091369.2493,-45.0
1607091369.2515,-38.0
1607091369.2533,-31.0
1607091369.2553,-26.0
1607091369.2573,-24.0
1607091369.2593,-19.0
1607091369.2613,-16.0
1607091369.2633,-14.0
1607091369.2653,-14.0
1607091369.2673,-9.0
1607091369.2693,-9.0
1607091369.2713,-7.0
1607091369.2733,-7.0
1607091369.2753,-7.0
1607091369.2759,-4.0
1607091369.2773,-4.0
1607091369.2793,-2.0
1607091369.2813,-2.0
1607091369.2833,-2.0
1607091369.2853,0.0
1607091369.2873,-2.0
1607091369.2893,0.0
1607091369.2913,2.0
1607091369.2933,2.0
1607091369.2953,0.0
1607091369.2973,2.0
1607091369.2993,4.0
1607091369.3013,4.0
1607091369.3033,4.0
1607091369.3053,7.0
1607091369.3059,7.0
1607091369.3073,9.0
1607091369.3093,12.0
1607091369.3113,14.0
1607091369.3134,12.0
1607091369.721,9.0
1607091369.7219,12.0
1607091369.7243,14.0
1607091369.726,16.0
1607091369.7279,19.0
1607091369.7299,19.0
1607091369.7319,19.0
1607091369.7339,14.0
1607091369.7359,4.0
1607091369.7379,7.0
1607091369.7399,14.0
1607091369.7405,14.0
1607091369.7419,9.0
1607091369.7439,12.0
1607091369.746,9.0
1607091369.7479,0.0
1607091369.7499,0.0
1607091369.7521,2.0
1607091369.7539,2.0
1607091369.756,2.0
1607091369.7579,7.0
1607091369.7599,9.0
1607091369.7619,7.0
1607091369.7639,4.0
1607091369.7659,7.0
1607091369.7679,9.0
1607091369.7699,12.0
1607091369.7705,12.0
1607091369.7719,12.0
1607091369.7739,12.0
1607091369.7759,12.0
1607091369.7779,9.0
1607091369.7799,7.0
1607091369.7819,7.0
1607091369.7839,9.0
1607091369.7859,12.0
1607091369.7879,24.0
1607091369.7899,43.0
1607091369.7919,48.0
1607091369.7939,38.0
1607091369.7959,21.0
1607091369.7979,7.0
1607091369.7999,2.0
1607091369.8005,2.0
1607091369.8019,7.0
1607091369.8039,9.0
1607091369.8059,12.0
1607091369.8079,9.0
1607091369.8099,4.0
1607091369.8119,-12.0
1607091369.8139,-19.0
1607091369.8159,72.0
1607091369.8179,327.0
1607091369.8199,658.0
1607091369.822,779.0
1607091369.8239,413.0
1607091369.8259,-113.0
1607091369.8279,-168.0
1607091369.8299,21.0
1607091369.8305,-28.0
1607091369.8319,-108.0
1607091369.8339,-48.0
1607091369.8359,-36.0
1607091369.8379,-64.0
1607091369.8399,-50.0
1607091369.8419,-33.0
1607091369.8439,-38.0
1607091369.8459,-31.0
1607091369.848,-21.0
1607091369.8499,-19.0
1607091369.8519,-12.0
1607091369.8539,-4.0
1607091369.8559,-2.0
1607091370.2908,2.0
1607091370.2917,12.0
1607091370.2942,16.0
1607091370.2969,19.0
1607091370.2988,21.0
1607091370.3008,21.0
1607091370.3029,26.0
1607091370.3048,33.0
1607091370.3068,36.0
1607091370.3088,38.0
1607091370.3108,57.0
1607091370.3127,76.0
1607091370.3148,88.0
1607091370.317,101.0
1607091370.3188,115.0
1607091370.3193,129.0
1607091370.3208,134.0
1607091370.3228,134.0
1607091370.3248,132.0
1607091370.3267,120.0
1607091370.3287,93.0
1607091370.3307,62.0
1607091370.3327,31.0
1607091370.3347,0.0
1607091370.3367,-26.0
1607091370.3387,-40.0
1607091370.3407,-48.0
1607091370.3427,-52.0
1607091370.3447,-52.0
1607091370.3469,-55.0
1607091370.3487,-52.0
1607091370.3493,-48.0
1607091370.3507,-45.0
1607091370.3527,-43.0
1607091370.3547,-36.0
1607091370.3568,-31.0
1607091370.3587,-31.0
1607091370.3607,-26.0
1607091370.3627,-19.0
1607091370.3647,-19.0
1607091370.3668,-19.0
1607091370.3687,-14.0
1607091370.3707,-9.0
1607091370.3727,-7.0
1607091370.3747,-9.0
1607091370.3768,-7.0
1607091370.3789,-2.0
1607091370.3795,0.0
1607091370.3807,-2.0
1607091370.3827,0.0
1607091370.3847,2.0
1607091370.3868,2.0
1607091370.3887,2.0
1607091370.3907,2.0
1607091370.3927,2.0
1607091370.3947,2.0
1607091370.3968,4.0
1607091370.3988,4.0
1607091370.4007,7.0
1607091370.4027,9.0
1607091370.4047,9.0
1607091370.4068,9.0
1607091370.4087,14.0
1607091370.417,14.0
1607091370.4188,14.0
1607091370.4207,16.0
1607091370.4227,19.0
1607091370.4248,16.0
1607091370.4268,16.0
1607091370.4288,19.0
1607091370.4307,21.0
1607091370.4328,21.0
1607091370.4348,16.0
1607091370.8313,9.0
1607091370.832,9.0
1607091370.8344,12.0
1607091370.8362,12.0
1607091370.8367,14.0
1607091370.838,14.0
1607091370.84,7.0
1607091370.842,0.0
1607091370.844,4.0
1607091370.8461,9.0
1607091370.848,4.0
1607091370.85,4.0
1607091370.852,9.0
1607091370.854,14.0
1607091370.8561,14.0
1607091370.858,14.0
1607091370.86,16.0
1607091370.862,16.0
1607091370.864,14.0
1607091370.866,16.0
1607091370.8666,19.0
1607091370.868,14.0
1607091370.87,9.0
1607091370.872,14.0
1607091370.8741,16.0
1607091370.8761,16.0
1607091370.878,16.0
1607091370.88,19.0
1607091370.882,16.0
1607091370.884,12.0
1607091370.886,12.0
1607091370.888,16.0
1607091370.89,19.0
1607091370.892,16.0
1607091370.894,9.0
1607091370.896,9.0
1607091370.8966,12.0
1607091370.898,9.0
1607091370.9,9.0
1607091370.902,19.0
1607091370.904,36.0
1607091370.906,50.0
1607091370.908,50.0
1607091370.91,38.0
1607091370.912,28.0
1607091370.914,14.0
1607091370.916,7.0
1607091370.918,7.0
1607091370.92,9.0
1607091370.922,9.0
1607091370.924,9.0
1607091370.926,12.0
1607091370.9266,7.0
1607091370.928,-2.0
1607091370.93,-4.0
1607091370.932,86.0
1607091370.934,341.0
1607091370.936,670.0
1607091370.938,774.0
1607091370.94,389.0
1607091370.942,-122.0
1607091370.944,-158.0
1607091370.946,26.0
1607091370.948,-36.0
1607091370.95,-110.0
1607091370.952,-48.0
1607091370.954,-38.0
1607091370.956,-67.0
1607091370.9567,-48.0
1607091370.958,-36.0
1607091370.96,-45.0
1607091370.962,-36.0
1607091370.964,-19.0
1607091371.4317,-19.0
1607091371.4325,-14.0
1607091371.4352,-7.0
1607091371.4377,-7.0
1607091371.4396,-9.0
1607091371.4416,-4.0
1607091371.4437,4.0
1607091371.4456,14.0
1607091371.4476,19.0
1607091371.4483,26.0
1607091371.4496,36.0
1607091371.4516,43.0
1607091371.4536,52.0
1607091371.4556,67.0
1607091371.4576,76.0
1607091371.4596,84.0
1607091371.4616,101.0
1607091371.4636,122.0
1607091371.4656,134.0
1607091371.4676,144.0
1607091371.4695,151.0
1607091371.4717,153.0
1607091371.4736,149.0
1607091371.4756,129.0
1607091371.4775,103.0
1607091371.4782,69.0
1607091371.4796,36.0
1607091371.4815,2.0
1607091371.4836,-24.0
1607091371.4855,-38.0
1607091371.4875,-48.0
1607091371.4895,-57.0
1607091371.4916,-55.0
1607091371.4935,-52.0
1607091371.4955,-52.0
1607091371.4976,-48.0
1607091371.4995,-45.0
1607091371.5015,-43.0
1607091371.5035,-36.0
1607091371.5057,-26.0
1607091371.5076,-21.0
1607091371.5082,-24.0
1607091371.5095,-21.0
1607091371.5115,-16.0
1607091371.5135,-12.0
1607091371.5155,-12.0
1607091371.5176,-12.0
1607091371.5195,-4.0
1607091371.5215,0.0
1607091371.5235,2.0
1607091371.5255,2.0
1607091371.5276,2.0
1607091371.5296,2.0
1607091371.5317,0.0
1607091371.5336,-2.0
1607091371.5356,0.0
1607091371.5375,4.0
1607091371.5382,2.0
1607091371.5396,-4.0
1607091371.5415,-7.0
1607091371.5436,0.0
1607091371.5456,2.0
1607091371.5476,2.0
1607091371.5496,2.0
1607091371.5516,4.0
1607091371.5536,4.0
1607091371.5556,2.0
1607091371.5576,7.0
1607091371.5596,12.0
1607091371.5616,9.0
1607091371.5636,12.0
1607091371.5656,12.0
1607091371.5676,12.0
1607091372.0016,14.0
1607091372.0025,16.0
1607091372.0049,14.0
1607091372.0066,16.0
1607091372.0086,21.0
1607091372.0106,19.0
1607091372.0126,14.0
1607091372.0146,19.0
1607091372.0166,19.0
1607091372.0186,12.0
1607091372.0206,7.0
1607091372.0226,9.0
1607091372.0246,12.0
1607091372.0266,12.0
1607091372.0285,12.0
1607091372.0305,12.0
1607091372.0311,12.0
1607091372.0325,12.0
1607091372.0345,14.0
1607091372.0366,19.0
1607091372.0385,19.0
1607091372.0405,16.0
1607091372.0425,16.0
1607091372.0445,19.0
1607091372.0466,19.0
1607091372.0485,19.0
1607091372.0505,16.0
1607091372.0525,16.0
1607091372.0545,16.0
1607091372.0566,14.0
1607091372.0585,14.0
1607091372.0607,16.0
1607091372.0611,14.0
1607091372.0625,16.0
1607091372.0645,21.0
1607091372.0665,16.0
1607091372.0685,12.0
1607091372.0705,12.0
1607091372.0725,9.0
1607091372.0745,19.0
1607091372.0765,40.0
1607091372.0785,55.0
1607091372.0805,50.0
1607091372.0825,43.0
1607091372.0845,31.0
1607091372.0865,19.0
1607091372.0885,16.0
1607091372.0905,19.0
1607091372.0911,16.0
1607091372.0925,12.0
1607091372.0945,9.0
1607091372.0965,7.0
1607091372.0985,0.0
1607091372.1005,-12.0
1607091372.1026,7.0
1607091372.1046,153.0
1607091372.1066,466.0
1607091372.1086,769.0
1607091372.1106,694.0
1607091372.1126,137.0
1607091372.1146,-262.0
1607091372.1166,-103.0
1607091372.1185,40.0
1607091372.1205,-79.0
1607091372.1211,-93.0
1607091372.1225,-19.0
1607091372.1245,-38.0
1607091372.1266,-55.0
1607091372.1285,-31.0
1607091372.1305,-26.0
1607091372.1325,-28.0
1607091372.1345,-16.0
1607091372.1366,-9.0
1607091372.5419,-9.0
1607091372.5426,-4.0
1607091372.5449,0.0
1607091372.5477,2.0
1607091372.5482,7.0
1607091372.5496,9.0
1607091372.5516,14.0
1607091372.5537,19.0
1607091372.5556,26.0
1607091372.5578,31.0
1607091372.5596,31.0
1607091372.5616,38.0
1607091372.5636,48.0
1607091372.5656,62.0
1607091372.5676,74.0
1607091372.5696,91.0
1607091372.5716,108.0
1607091372.5736,122.0
1607091372.5756,134.0
1607091372.5776,146.0
1607091372.5782,153.0
1607091372.5796,151.0
1607091372.5816,141.0
1607091372.5836,122.0
1607091372.5856,86.0
1607091372.5875,45.0
1607091372.5896,9.0
1607091372.5915,-14.0
1607091372.5936,-36.0
1607091372.5956,-52.0
1607091372.5976,-64.0
1607091372.5996,-67.0
1607091372.6016,-67.0
1607091372.6036,-67.0
1607091372.6056,-67.0
1607091372.6076,-62.0
1607091372.6082,-55.0
1607091372.6096,-57.0
1607091372.6116,-57.0
1607091372.6136,-48.0
1607091372.6156,-40.0
1607091372.6176,-38.0
1607091372.6196,-38.0
1607091372.6216,-38.0
1607091372.6236,-36.0
1607091372.6256,-28.0
1607091372.6276,-26.0
1607091372.6296,-24.0
1607091372.6316,-26.0
1607091372.6336,-24.0
1607091372.6356,-19.0
1607091372.6376,-14.0
1607091372.6382,-14.0
1607091372.6396,-16.0
1607091372.6416,-14.0
1607091372.6436,-14.0
1607091372.6456,-16.0
1607091372.6476,-14.0
1607091372.6496,-9.0
1607091372.6516,-7.0
1607091372.6537,-4.0
1607091372.6556,-7.0
1607091372.6576,-7.0
1607091372.6596,-2.0
1607091372.6616,0.0
1607091372.6636,-2.0
1607091372.6656,-2.0
1607091372.6676,2.0
1607091372.6682,2.0
1607091372.6696,0.0
1607091372.6716,4.0
1607091372.6736,7.0
1607091372.6756,2.0
1607091373.112,2.0
1607091373.1126,7.0
1607091373.115,9.0
1607091373.1177,9.0
1607091373.1197,9.0
1607091373.1217,9.0
1607091373.1238,7.0
1607091373.1257,2.0
1607091373.1277,0.0
1607091373.1283,0.0
1607091373.1297,0.0
1607091373.1317,0.0
1607091373.1337,2.0
1607091373.1357,9.0
1607091373.1377,9.0
1607091373.1396,7.0
1607091373.1417,9.0
1607091373.1436,12.0
1607091373.1456,9.0
1607091373.1477,4.0
1607091373.1496,7.0
1607091373.1516,9.0
1607091373.1536,7.0
1607091373.1556,4.0
1607091373.1577,9.0
1607091373.1582,12.0
1607091373.1596,12.0
1607091373.1616,4.0
1607091373.1636,4.0
1607091373.1656,9.0
1607091373.1677,9.0
1607091373.1696,9.0
1607091373.1716,9.0
1607091373.1736,12.0
1607091373.1756,9.0
1607091373.1777,4.0
1607091373.1796,-2.0
1607091373.1816,-2.0
1607091373.1838,-2.0
1607091373.1857,-2.0
1607091373.1877,7.0
1607091373.1882,31.0
1607091373.1896,40.0
1607091373.1916,36.0
1607091373.1936,28.0
1607091373.1957,16.0
1607091373.1977,4.0
1607091373.1996,-4.0
1607091373.2016,-4.0
1607091373.2036,0.0
1607091373.2056,2.0
1607091373.2077,2.0
1607091373.2096,2.0
1607091373.2116,-2.0
1607091373.2136,-19.0
1607091373.2156,-7.0
1607091373.2176,144.0
1607091373.2183,454.0
1607091373.2197,752.0
1607091373.2216,697.0
1607091373.2236,187.0
1607091373.2256,-211.0
1607091373.2277,-98.0
1607091373.2296,24.0
1607091373.2317,-86.0
1607091373.2337,-103.0
1607091373.2357,-40.0
1607091373.2377,-57.0
1607091373.2396,-69.0
1607091373.2417,-45.0
1607091373.2437,-40.0
1607091373.2457,-45.0
1607091373.2477,-38.0
1607091373.6524,-31.0
1607091373.6533,-26.0
1607091373.6558,-19.0
1607091373.6575,-12.0
1607091373.6595,-9.0
1607091373.6614,-7.0
1607091373.6634,-2.0
1607091373.6654,4.0
1607091373.6674,4.0
1607091373.6693,4.0
1607091373.6713,16.0
1607091373.6733,26.0
1607091373.6753,28.0
1607091373.6774,36.0
1607091373.6793,52.0
1607091373.6813,67.0
1607091373.6822,79.0
1607091373.6834,93.0
1607091373.6854,105.0
1607091373.6874,113.0
1607091373.6893,122.0
1607091373.6913,132.0
1607091373.6933,132.0
1607091373.6953,122.0
1607091373.6974,105.0
1607091373.6993,79.0
1607091373.7013,45.0
1607091373.7033,9.0
1607091373.7053,-24.0
1607091373.7074,-48.0
1607091373.7093,-60.0
1607091373.7113,-64.0
1607091373.7119,-72.0
1607091373.7133,-74.0
1607091373.7153,-72.0
1607091373.7173,-67.0
1607091373.7193,-67.0
1607091373.7213,-62.0
1607091373.7233,-55.0
1607091373.7253,-52.0
1607091373.7273,-50.0
1607091373.7293,-48.0
1607091373.7313,-40.0
1607091373.7333,-33.0
1607091373.7353,-31.0
1607091373.7374,-28.0
1607091373.7393,-26.0
1607091373.7413,-26.0
1607091373.7419,-26.0
1607091373.7433,-21.0
1607091373.7453,-16.0
1607091373.7473,-19.0
1607091373.7493,-19.0
1607091373.7513,-19.0
1607091373.7533,-16.0
1607091373.7553,-16.0
1607091373.7573,-14.0
1607091373.7593,-14.0
1607091373.7613,-12.0
1607091373.7633,-14.0
1607091373.7653,-12.0
1607091373.7674,-7.0
1607091373.7693,-9.0
1607091373.7713,-14.0
1607091373.7719,-14.0
1607091373.7733,-4.0
1607091373.7753,-2.0
1607091373.7775,-2.0
1607091373.7794,-4.0
1607091373.7813,0.0
1607091373.7833,0.0
1607091373.7854,0.0
1607091373.7874,2.0
1607091374.1923,7.0
1607091374.193,4.0
1607091374.1953,2.0
1607091374.1971,4.0
1607091374.1976,2.0
1607091374.199,-7.0
1607091374.2011,-9.0
1607091374.203,-4.0
1607091374.2051,0.0
1607091374.2071,-2.0
1607091374.209,-4.0
1607091374.2111,-4.0
1607091374.213,-2.0
1607091374.215,0.0
1607091374.2171,0.0
1607091374.219,0.0
1607091374.221,2.0
1607091374.223,2.0
1607091374.225,2.0
1607091374.2271,4.0
1607091374.2276,0.0
1607091374.229,-7.0
1607091374.231,-7.0
1607091374.233,0.0
1607091374.235,0.0
1607091374.2371,0.0
1607091374.2391,0.0
1607091374.241,2.0
1607091374.243,4.0
1607091374.245,2.0
1607091374.2471,2.0
1607091374.249,7.0
1607091374.251,7.0
1607091374.253,4.0
1607091374.2551,9.0
1607091374.2571,12.0
1607091374.2576,9.0
1607091374.259,4.0
1607091374.261,2.0
1607091374.263,4.0
1607091374.265,2.0
1607091374.2672,9.0
1607091374.269,28.0
1607091374.271,40.0
1607091374.273,36.0
1607091374.2752,24.0
1607091374.2772,9.0
1607091374.279,4.0
1607091374.281,4.0
1607091374.283,2.0
1607091374.285,0.0
1607091374.2856,0.0
1607091374.2871,0.0
1607091374.289,-2.0
1607091374.291,0.0
1607091374.2931,-9.0
1607091374.295,-12.0
1607091374.2971,93.0
1607091374.299,367.0
1607091374.301,687.0
1607091374.3031,750.0
1607091374.305,331.0
1607091374.3071,-146.0
1607091374.309,-137.0
1607091374.311,28.0
1607091374.313,-45.0
1607091374.315,-101.0
1607091374.3156,-43.0
1607091374.3171,-38.0
1607091374.319,-62.0
1607091374.321,-43.0
1607091374.323,-31.0
1607091374.3251,-36.0
1607091374.7929,-31.0
1607091374.7941,-19.0
1607091374.7966,-21.0
1607091374.7992,-28.0
1607091374.8012,-21.0
1607091374.8032,-9.0
1607091374.8052,-4.0
1607091374.8072,-4.0
1607091374.8092,2.0
1607091374.8112,9.0
1607091374.8118,14.0
1607091374.8132,19.0
1607091374.8152,28.0
1607091374.8172,36.0
1607091374.8192,43.0
1607091374.8212,52.0
1607091374.8232,64.0
1607091374.8252,79.0
1607091374.8272,96.0
1607091374.8292,110.0
1607091374.8311,122.0
1607091374.8331,134.0
1607091374.8351,137.0
1607091374.8374,139.0
1607091374.8392,137.0
1607091374.8412,122.0
1607091374.8418,96.0
1607091374.8431,62.0
1607091374.8452,28.0
1607091374.8472,0.0
1607091374.8491,-26.0
1607091374.8511,-43.0
1607091374.8531,-48.0
1607091374.8551,-52.0
1607091374.8571,-57.0
1607091374.8591,-60.0
1607091374.8612,-57.0
1607091374.8631,-55.0
1607091374.8651,-52.0
1607091374.8671,-50.0
1607091374.8691,-45.0
1607091374.8711,-40.0
1607091374.8718,-36.0
1607091374.8731,-28.0
1607091374.8751,-21.0
1607091374.8772,-21.0
1607091374.8791,-19.0
1607091374.8811,-14.0
1607091374.8831,-14.0
1607091374.8851,-14.0
1607091374.8871,-12.0
1607091374.8891,-7.0
1607091374.8911,-7.0
1607091374.8931,-4.0
1607091374.8951,-2.0
1607091374.8971,-4.0
1607091374.8991,-4.0
1607091374.9011,-4.0
1607091374.9018,-2.0
1607091374.9031,0.0
1607091374.9051,4.0
1607091374.9071,4.0
1607091374.9091,0.0
1607091374.9111,0.0
1607091374.9131,4.0
1607091374.9151,7.0
1607091374.9171,4.0
1607091374.9191,9.0
1607091374.9211,7.0
1607091374.9231,2.0
1607091374.9251,7.0
1607091374.9271,14.0
1607091374.9291,16.0
1607091375.3624,14.0
1607091375.3635,12.0
1607091375.3658,12.0
1607091375.3683,16.0
1607091375.3703,16.0
1607091375.3723,12.0
1607091375.3744,9.0
1607091375.3763,7.0
1607091375.3784,0.0
1607091375.3803,-4.0
1607091375.3823,4.0
1607091375.3843,9.0
1607091375.3863,4.0
1607091375.3884,2.0
1607091375.3903,4.0
1607091375.391,7.0
1607091375.3923,9.0
1607091375.3943,9.0
1607091375.3963,9.0
1607091375.3984,14.0
1607091375.4003,14.0
1607091375.4023,12.0
1607091375.4043,14.0
1607091375.4063,14.0
1607091375.4084,7.0
1607091375.4103,4.0
1607091375.4123,7.0
1607091375.4143,9.0
1607091375.4163,12.0
1607091375.4183,14.0
1607091375.4203,14.0
1607091375.4209,16.0
1607091375.4223,14.0
1607091375.4243,12.0
1607091375.4263,14.0
1607091375.4283,14.0
1607091375.4303,9.0
1607091375.4323,7.0
1607091375.4343,9.0
1607091375.4363,16.0
1607091375.4383,36.0
1607091375.4403,55.0
1607091375.4423,52.0
1607091375.4443,40.0
1607091375.4463,31.0
1607091375.4483,21.0
1607091375.4503,16.0
1607091375.4509,12.0
1607091375.4523,7.0
1607091375.4543,12.0
1607091375.4563,12.0
1607091375.4583,9.0
1607091375.4605,9.0
1607091375.4623,0.0
1607091375.4643,4.0
1607091375.4663,129.0
1607091375.4684,423.0
1607091375.4704,740.0
1607091375.4724,726.0
1607091375.4744,211.0
1607091375.4764,-240.0
1607091375.4784,-127.0
1607091375.4804,45.0
1607091375.481,-60.0
1607091375.4823,-96.0
1607091375.4843,-24.0
1607091375.4863,-36.0
1607091375.4884,-60.0
1607091375.4903,-33.0
1607091375.4923,-24.0
1607091375.4943,-31.0
1607091375.4963,-24.0
1607091375.4984,-16.0
1607091375.9332,-16.0
1607091375.9341,-19.0
1607091375.9365,-9.0
1607091375.9391,0.0
1607091375.9411,4.0
1607091375.9431,9.0
1607091375.9452,16.0
1607091375.9471,21.0
1607091375.9491,24.0
1607091375.9511,21.0
1607091375.9531,24.0
1607091375.9551,38.0
1607091375.9571,50.0
1607091375.9591,60.0
1607091375.9611,76.0
1607091375.9631,91.0
1607091375.9651,98.0
1607091375.9671,110.0
1607091375.9691,129.0
1607091375.9711,144.0
1607091375.9731,151.0
1607091375.9751,153.0
1607091375.9771,144.0
1607091375.9791,122.0
1607091375.9811,88.0
1607091375.9831,50.0
1607091375.9851,14.0
1607091375.9871,-14.0
1607091375.9891,-36.0
1607091375.9911,-50.0
1607091375.9933,-62.0
1607091375.9951,-67.0
1607091375.9971,-67.0
1607091375.9991,-64.0
1607091376.0011,-64.0
1607091376.0031,-60.0
1607091376.0051,-57.0
1607091376.0071,-55.0
1607091376.0091,-48.0
1607091376.0111,-40.0
1607091376.0131,-38.0
1607091376.0151,-33.0
1607091376.0173,-31.0
1607091376.0192,-28.0
1607091376.0211,-26.0
1607091376.0231,-21.0
1607091376.0251,-19.0
1607091376.0271,-19.0
1607091376.0291,-19.0
1607091376.0311,-21.0
1607091376.0331,-16.0
1607091376.0351,-12.0
1607091376.0371,-12.0
1607091376.0391,-14.0
1607091376.0411,-12.0
1607091376.0431,-9.0
1607091376.0451,-12.0
1607091376.0471,-12.0
1607091376.0491,-7.0
1607091376.0511,-4.0
1607091376.0531,-9.0
1607091376.0551,-14.0
1607091376.0571,-9.0
1607091376.0591,-7.0
1607091376.0611,-12.0
1607091376.0631,-12.0
1607091376.0651,-9.0
1607091376.0671,-9.0
1607091376.0691,-7.0
1607091376.0711,-2.0
1607091376.0731,-2.0
1607091376.0751,-4.0
1607091376.0771,-2.0
1607091376.4731,0.0
1607091376.474,2.0
1607091376.4764,4.0
1607091376.4793,2.0
1607091376.481,2.0
1607091376.483,4.0
1607091376.4851,2.0
1607091376.487,2.0
1607091376.4893,4.0
1607091376.4912,7.0
1607091376.493,2.0
1607091376.4952,-4.0
1607091376.497,-4.0
1607091376.499,0.0
1607091376.501,2.0
1607091376.503,7.0
1607091376.505,4.0
1607091376.507,2.0
1607091376.509,2.0
1607091376.5112,4.0
1607091376.513,7.0
1607091376.515,7.0
1607091376.517,4.0
1607091376.519,4.0
1607091376.521,2.0
1607091376.523,0.0
1607091376.525,-4.0
1607091376.5271,-4.0
1607091376.5292,2.0
1607091376.531,24.0
1607091376.533,38.0
1607091376.535,40.0
1607091376.537,36.0
1607091376.539,24.0
1607091376.541,9.0
1607091376.543,4.0
1607091376.5452,7.0
1607091376.547,7.0
1607091376.549,7.0
1607091376.551,7.0
1607091376.553,9.0
1607091376.555,9.0
1607091376.5571,-7.0
1607091376.559,-7.0
1607091376.5612,108.0
1607091376.563,391.0
1607091376.565,714.0
1607091376.567,757.0
1607091376.569,303.0
1607091376.571,-194.0
1607091376.573,-165.0
1607091376.575,24.0
1607091376.5771,-55.0
1607091376.5792,-110.0
1607091376.581,-45.0
1607091376.583,-48.0
1607091376.585,-81.0
1607091376.587,-62.0
1607091376.589,-48.0
1607091376.5912,-48.0
1607091376.593,-43.0
1607091376.5951,-36.0
1607091376.597,-36.0
1607091376.599,-28.0
1607091376.601,-21.0
1607091376.603,-16.0
1607091376.605,-12.0
1607091376.607,-7.0
1607091376.609,0.0
1607091376.6112,4.0
1607091376.613,9.0
1607091376.615,12.0
1607091376.617,21.0
1607091377.0732,31.0
1607091377.0741,43.0
1607091377.0765,55.0
1607091377.0792,67.0
1607091377.0811,76.0
1607091377.0831,88.0
1607091377.0852,105.0
1607091377.0871,115.0
1607091377.0891,120.0
1607091377.0911,127.0
1607091377.0931,134.0
1607091377.0951,120.0
1607091377.0972,101.0
1607091377.0991,76.0
1607091377.1011,43.0
1607091377.1031,7.0
1607091377.1051,-21.0
1607091377.1071,-43.0
1607091377.1091,-57.0
1607091377.1111,-67.0
1607091377.1131,-69.0
1607091377.1151,-69.0
1607091377.1171,-67.0
1607091377.1192,-67.0
1607091377.1212,-62.0
1607091377.1231,-55.0
1607091377.1252,-50.0
1607091377.1271,-50.0
1607091377.1291,-48.0
1607091377.1311,-40.0
1607091377.1331,-40.0
1607091377.1351,-38.0
1607091377.1371,-33.0
1607091377.139,-26.0
1607091377.141,-24.0
1607091377.1431,-26.0
1607091377.1451,-21.0
1607091377.1472,-12.0
1607091377.1491,-12.0
1607091377.151,-16.0
1607091377.1531,-14.0
1607091377.1551,-12.0
1607091377.1572,-12.0
1607091377.1591,-9.0
1607091377.1611,-7.0
1607091377.1631,-4.0
1607091377.1651,-7.0
1607091377.1671,-9.0
1607091377.1691,-9.0
1607091377.1711,-9.0
1607091377.1731,-9.0
1607091377.1751,-4.0
1607091377.1772,-4.0
1607091377.1791,-7.0
1607091377.1811,-7.0
1607091377.1831,0.0
1607091377.1851,2.0
1607091377.1871,2.0
1607091377.1891,4.0
1607091377.1911,4.0
1607091377.1931,4.0
1607091377.1957,4.0
1607091377.1971,0.0
1607091377.1979,0.0
1607091377.2001,4.0
1607091377.2021,4.0
1607091377.2041,4.0
1607091377.2061,9.0
1607091377.2081,9.0
1607091377.2101,9.0
1607091377.2121,9.0
1607091377.2141,9.0
1607091377.2161,12.0
1607091377.5828,12.0
1607091377.5835,12.0
1607091377.5859,14.0
1607091377.5887,14.0
1607091377.5905,9.0
1607091377.5913,2.0
1607091377.5926,0.0
1607091377.5946,4.0
1607091377.5965,0.0
1607091377.5986,-4.0
1607091377.6005,-4.0
1607091377.6025,-2.0
1607091377.6045,-4.0
1607091377.6065,-12.0
1607091377.6086,-12.0
1607091377.6107,-7.0
1607091377.6126,-4.0
1607091377.6145,-4.0
1607091377.6166,-2.0
1607091377.6186,-2.0
1607091377.6205,-4.0
1607091377.6212,-7.0
1607091377.6225,-4.0
1607091377.6245,0.0
1607091377.6266,14.0
1607091377.6286,31.0
1607091377.6305,38.0
1607091377.6325,33.0
1607091377.6345,19.0
1607091377.6366,4.0
1607091377.6386,4.0
1607091377.6405,4.0
1607091377.6425,2.0
1607091377.6445,4.0
1607091377.6465,9.0
1607091377.6486,9.0
1607091377.6505,9.0
1607091377.6512,2.0
1607091377.6525,-9.0
1607091377.6545,31.0
1607091377.6565,221.0
1607091377.6586,543.0
1607091377.6606,776.0
1607091377.6625,584.0
1607091377.6645,38.0
1607091377.6666,-211.0
1607091377.6686,-33.0
1607091377.6706,7.0
1607091377.6725,-103.0
1607091377.6745,-79.0
1607091377.6765,-33.0
1607091377.6786,-64.0
1607091377.6805,-69.0
1607091377.6812,-48.0
1607091377.6825,-45.0
1607091377.6845,-43.0
1607091377.6865,-33.0
1607091377.6886,-26.0
1607091377.6905,-24.0
1607091377.6925,-19.0
1607091377.6945,-12.0
1607091377.6965,-9.0
1607091377.6985,0.0
1607091377.7005,4.0
1607091377.7026,7.0
1607091377.7045,14.0
1607091377.7067,21.0
1607091377.7086,31.0
1607091377.7106,36.0
1607091377.7112,43.0
1607091377.7126,55.0
1607091377.7146,69.0
1607091377.7165,81.0
1607091378.1835,96.0
1607091378.1844,113.0
1607091378.1868,122.0
1607091378.1895,129.0
1607091378.1915,141.0
1607091378.1934,144.0
1607091378.1955,132.0
1607091378.1974,117.0
1607091378.1994,103.0
1607091378.2014,72.0
1607091378.2021,33.0
1607091378.2034,0.0
1607091378.2054,-24.0
1607091378.2074,-40.0
1607091378.2094,-52.0
1607091378.2114,-60.0
1607091378.2134,-62.0
1607091378.2154,-62.0
1607091378.2174,-57.0
1607091378.2194,-55.0
1607091378.2213,-52.0
1607091378.2233,-48.0
1607091378.2253,-45.0
1607091378.2273,-38.0
1607091378.2294,-31.0
1607091378.2313,-28.0
1607091378.232,-26.0
1607091378.2343,-24.0
1607091378.2363,-16.0
1607091378.2384,-14.0
1607091378.2404,-14.0
1607091378.2424,-12.0
1607091378.2443,-9.0
1607091378.2463,-9.0
1607091378.2484,-9.0
1607091378.2504,-9.0
1607091378.2523,-12.0
1607091378.2544,-9.0
1607091378.2563,-7.0
1607091378.2584,-7.0
1607091378.2604,-7.0
1607091378.2623,-7.0
1607091378.263,-7.0
1607091378.2643,-4.0
1607091378.2665,-7.0
1607091378.2684,-9.0
1607091378.2703,-4.0
1607091378.2724,-2.0
1607091378.2744,0.0
1607091378.2763,2.0
1607091378.2784,4.0
1607091378.2804,4.0
1607091378.2823,4.0
1607091378.2843,7.0
1607091378.2863,9.0
1607091378.2884,12.0
1607091378.2904,12.0
1607091378.2924,9.0
1607091378.293,9.0
1607091378.2944,14.0
1607091378.2963,16.0
1607091378.2984,16.0
1607091378.3004,16.0
1607091378.3024,14.0
1607091378.3044,14.0
1607091378.3064,16.0
1607091378.3084,19.0
1607091378.3103,24.0
1607091378.3124,24.0
1607091378.3144,21.0
1607091378.3163,21.0
1607091378.3184,24.0
1607091378.3204,24.0
1607091378.7235,24.0
1607091378.7241,24.0
1607091378.7265,24.0
1607091378.7292,19.0
1607091378.7312,19.0
1607091378.7332,26.0
1607091378.7352,28.0
1607091378.7372,24.0
1607091378.7392,19.0
1607091378.7412,21.0
1607091378.7432,21.0
1607091378.7452,16.0
1607091378.7472,14.0
1607091378.7492,16.0
1607091378.7511,14.0
1607091378.7531,12.0
1607091378.7552,16.0
1607091378.7559,16.0
1607091378.7582,16.0
1607091378.7601,16.0
1607091378.7621,14.0
1607091378.7641,14.0
1607091378.7663,24.0
1607091378.7683,43.0
1607091378.7702,52.0
1607091378.7722,50.0
1607091378.7742,40.0
1607091378.7761,24.0
1607091378.7782,9.0
1607091378.7801,9.0
1607091378.7821,16.0
1607091378.7841,14.0
1607091378.7861,9.0
1607091378.7868,14.0
1607091378.7882,12.0
1607091378.7901,2.0
1607091378.7921,-7.0
1607091378.7941,14.0
1607091378.7962,151.0
1607091378.7982,452.0
1607091378.8001,757.0
1607091378.8022,692.0
1607091378.8041,151.0
1607091378.8061,-242.0
1607091378.8082,-93.0
1607091378.8102,48.0
1607091378.8121,-62.0
1607091378.8141,-76.0
1607091378.8148,-14.0
1607091378.8161,-40.0
1607091378.8182,-64.0
1607091378.8201,-38.0
1607091378.8221,-28.0
1607091378.8242,-31.0
1607091378.8261,-24.0
1607091378.8282,-19.0
1607091378.8302,-14.0
1607091378.8321,-7.0
1607091378.8341,-4.0
1607091378.8361,-2.0
1607091378.8382,7.0
1607091378.8401,14.0
1607091378.8422,16.0
1607091378.8441,24.0
1607091378.8448,31.0
1607091378.8461,33.0
1607091378.8482,38.0
1607091378.8502,45.0
1607091378.8522,52.0
1607091378.8541,67.0
1607091378.8561,84.0
1607091378.8582,96.0
1607091378.8601,110.0
1607091379.2947,122.0
1607091379.2956,134.0
1607091379.298,146.0
1607091379.3006,156.0
1607091379.3013,156.0
1607091379.3036,146.0
1607091379.3056,125.0
1607091379.3076,86.0
1607091379.3096,45.0
1607091379.3116,4.0
1607091379.3136,-26.0
1607091379.3156,-45.0
1607091379.3176,-60.0
1607091379.3196,-69.0
1607091379.3215,-72.0
1607091379.3236,-72.0
1607091379.3256,-69.0
1607091379.3276,-64.0
1607091379.3296,-60.0
1607091379.3316,-64.0
1607091379.3323,-67.0
1607091379.3336,-57.0
1607091379.3356,-48.0
1607091379.3375,-43.0
1607091379.3396,-38.0
1607091379.3416,-38.0
1607091379.3436,-40.0
1607091379.3456,-38.0
1607091379.3476,-31.0
1607091379.3496,-26.0
1607091379.3515,-24.0
1607091379.3535,-19.0
1607091379.3556,-19.0
1607091379.3576,-19.0
1607091379.3596,-16.0
1607091379.3616,-14.0
1607091379.3622,-14.0
1607091379.3636,-14.0
1607091379.3656,-12.0
1607091379.3676,-9.0
1607091379.3696,-9.0
1607091379.3716,-12.0
1607091379.3736,-9.0
1607091379.3756,-7.0
1607091379.3776,-4.0
1607091379.3796,-4.0
1607091379.3815,-4.0
1607091379.3836,0.0
1607091379.3856,2.0
1607091379.3876,0.0
1607091379.3896,0.0
1607091379.3917,0.0
1607091379.3924,0.0
1607091379.3936,4.0
1607091379.3957,7.0
1607091379.3976,4.0
1607091379.3996,7.0
1607091379.4016,7.0
1607091379.4036,4.0
1607091379.4056,4.0
1607091379.4076,7.0
1607091379.4096,9.0
1607091379.4116,9.0
1607091379.4136,7.0
1607091379.4156,9.0
1607091379.4176,12.0
1607091379.4196,14.0
1607091379.4216,12.0
1607091379.4223,9.0
1607091379.4246,12.0
1607091379.4266,16.0
1607091379.4286,16.0
1607091379.4306,14.0
1607091379.8635,14.0
1607091379.8644,14.0
1607091379.8668,14.0
1607091379.8696,14.0
1607091379.8715,16.0
1607091379.8734,14.0
1607091379.8755,7.0
1607091379.8774,7.0
1607091379.8794,7.0
1607091379.8804,9.0
1607091379.8816,21.0
1607091379.8835,36.0
1607091379.8854,33.0
1607091379.8874,16.0
1607091379.8895,9.0
1607091379.8914,2.0
1607091379.8934,-4.0
1607091379.8954,-7.0
1607091379.8974,-7.0
1607091379.8994,-7.0
1607091379.9014,-4.0
1607091379.9034,0.0
1607091379.9054,-2.0
1607091379.9074,-16.0
1607091379.9094,-19.0
1607091379.9114,86.0
1607091379.9121,363.0
1607091379.9134,692.0
1607091379.9154,755.0
1607091379.9176,307.0
1607091379.9195,-204.0
1607091379.9214,-175.0
1607091379.9234,24.0
1607091379.9254,-55.0
1607091379.9274,-115.0
1607091379.9294,-43.0
1607091379.9314,-43.0
1607091379.9334,-69.0
1607091379.9354,-48.0
1607091379.9374,-33.0
1607091379.9395,-40.0
1607091379.9414,-36.0
1607091379.9421,-28.0
1607091379.9434,-24.0
1607091379.9454,-19.0
1607091379.9474,-16.0
1607091379.9495,-12.0
1607091379.9514,-7.0
1607091379.9534,-7.0
1607091379.9554,-2.0
1607091379.9575,2.0
1607091379.9595,9.0
1607091379.9614,16.0
1607091379.9634,19.0
1607091379.9654,28.0
1607091379.9674,40.0
1607091379.9695,50.0
1607091379.9714,62.0
1607091379.9721,79.0
1607091379.9734,93.0
1607091379.9755,103.0
1607091379.9774,117.0
1607091379.9795,129.0
1607091379.9814,134.0
1607091379.9834,134.0
1607091379.9854,127.0
1607091379.9874,110.0
1607091379.9895,76.0
1607091379.9914,33.0
1607091379.9934,-2.0
1607091379.9954,-24.0
1607091379.9974,-50.0
1607091379.9995,-69.0
1607091380.374,-72.0
1607091380.3747,-69.0
1607091380.3771,-74.0
1607091380.3798,-76.0
1607091380.3818,-74.0
1607091380.3839,-72.0
1607091380.3858,-74.0
1607091380.388,-69.0
1607091380.3899,-64.0
1607091380.3918,-62.0
1607091380.3937,-60.0
1607091380.3958,-60.0
1607091380.3978,-57.0
1607091380.3998,-50.0
1607091380.4018,-48.0
1607091380.4025,-43.0
1607091380.4047,-38.0
1607091380.4068,-36.0
1607091380.4087,-33.0
1607091380.4107,-28.0
1607091380.4127,-28.0
1607091380.4147,-28.0
1607091380.4167,-28.0
1607091380.4188,-26.0
1607091380.4208,-24.0
1607091380.4228,-21.0
1607091380.4247,-19.0
1607091380.4267,-19.0
1607091380.4288,-16.0
1607091380.4308,-19.0
1607091380.4328,-19.0
1607091380.4334,-16.0
1607091380.4347,-12.0
1607091380.4367,-12.0
1607091380.4388,-12.0
1607091380.4408,-9.0
1607091380.4427,-9.0
1607091380.4447,-7.0
1607091380.4467,-7.0
1607091380.4488,-4.0
1607091380.4507,-4.0
1607091380.4527,-4.0
1607091380.4547,-7.0
1607091380.4568,-4.0
1607091380.4588,0.0
1607091380.4607,0.0
1607091380.4627,0.0
1607091380.4634,0.0
1607091380.4657,2.0
1607091380.4678,2.0
1607091380.4698,2.0
1607091380.4717,7.0
1607091380.4737,7.0
1607091380.4757,7.0
1607091380.4778,4.0
1607091380.4798,4.0
1607091380.4818,9.0
1607091380.4838,14.0
1607091380.4859,12.0
1607091380.4878,9.0
1607091380.4898,12.0
1607091380.4918,16.0
1607091380.4938,16.0
1607091380.4944,16.0
1607091380.4957,14.0
1607091380.4978,12.0
1607091380.4997,16.0
1607091380.5017,19.0
1607091380.5038,16.0
1607091380.5058,14.0
1607091380.5077,9.0
1607091380.5098,2.0
1607091380.5117,-7.0
1607091380.9444,-7.0
1607091380.9456,7.0
1607091380.947,31.0
1607091380.9489,38.0
1607091380.9494,26.0
1607091380.9508,12.0
1607091380.9528,2.0
1607091380.9548,-4.0
1607091380.9567,-9.0
1607091380.9588,-4.0
1607091380.9608,0.0
1607091380.9628,0.0
1607091380.9648,0.0
1607091380.9668,-4.0
1607091380.9688,-9.0
1607091380.9708,-21.0
1607091380.9728,-4.0
1607091380.9748,141.0
1607091380.9768,447.0
1607091380.9789,735.0
1607091380.9804,675.0
1607091380.9848,173.0
1607091380.9898,-206.0
1607091380.9908,-93.0
1607091380.9928,24.0
1607091380.9948,-81.0
1607091380.9955,-96.0
1607091380.9968,-40.0
1607091380.9988,-57.0
1607091381.0008,-67.0
1607091381.0028,-40.0
1607091381.0048,-40.0
1607091381.0068,-45.0
1607091381.0088,-36.0
1607091381.0108,-31.0
1607091381.0128,-31.0
1607091381.015,-24.0
1607091381.0169,-16.0
1607091381.0188,-14.0
1607091381.0208,-12.0
1607091381.0228,-7.0
1607091381.0248,-2.0
1607091381.0255,2.0
1607091381.0268,7.0
1607091381.0288,14.0
1607091381.0308,26.0
1607091381.0328,33.0
1607091381.0348,38.0
1607091381.0368,50.0
1607091381.0388,67.0
1607091381.0408,79.0
1607091381.0428,91.0
1607091381.0448,103.0
1607091381.0468,117.0
1607091381.0489,129.0
1607091381.0508,132.0
1607091381.0529,132.0
1607091381.0549,122.0
1607091381.0556,98.0
1607091381.0569,67.0
1607091381.0589,36.0
1607091381.0608,7.0
1607091381.0628,-21.0
1607091381.0648,-45.0
1607091381.0668,-64.0
1607091381.0688,-72.0
1607091381.0708,-72.0
1607091381.0728,-72.0
1607091381.0748,-67.0
1607091381.0768,-62.0
1607091381.0788,-62.0
1607091381.0808,-64.0
1607091381.0828,-55.0
1607091381.5443,-45.0
1607091381.5453,-48.0
1607091381.5477,-45.0
1607091381.5504,-38.0
1607091381.5524,-33.0
1607091381.5544,-38.0
1607091381.5564,-38.0
1607091381.5584,-31.0
1607091381.5603,-26.0
1607091381.5623,-28.0
1607091381.5643,-26.0
1607091381.5663,-19.0
1607091381.5683,-14.0
1607091381.5703,-16.0
1607091381.5725,-21.0
1607091381.5731,-16.0
1607091381.5743,-12.0
1607091381.5763,-16.0
1607091381.5783,-16.0
1607091381.5803,-9.0
1607091381.5823,-7.0
1607091381.5842,-12.0
1607091381.5863,-12.0
1607091381.5882,-9.0
1607091381.5904,-4.0
1607091381.5923,-4.0
1607091381.5943,-2.0
1607091381.5963,-2.0
1607091381.5983,0.0
1607091381.6003,0.0
1607091381.6022,2.0
1607091381.6029,4.0
1607091381.6043,4.0
1607091381.6062,4.0
1607091381.6082,7.0
1607091381.6103,9.0
1607091381.6122,9.0
1607091381.6142,9.0
1607091381.6163,12.0
1607091381.6182,12.0
1607091381.6203,12.0
1607091381.6223,16.0
1607091381.6243,19.0
1607091381.6262,19.0
1607091381.6284,19.0
1607091381.6303,16.0
1607091381.6322,21.0
1607091381.6329,19.0
1607091381.6343,14.0
1607091381.6362,16.0
1607091381.6383,24.0
1607091381.6402,26.0
1607091381.6423,24.0
1607091381.6442,19.0
1607091381.6463,19.0
1607091381.6483,24.0
1607091381.6503,24.0
1607091381.6523,16.0
1607091381.6543,12.0
1607091381.6563,12.0
1607091381.6583,9.0
1607091381.6603,12.0
1607091381.6623,14.0
1607091381.6629,19.0
1607091381.6643,33.0
1607091381.6664,50.0
1607091381.6683,52.0
1607091381.6703,43.0
1607091381.6723,33.0
1607091381.6743,26.0
1607091381.6763,21.0
1607091381.6783,16.0
1607091381.6803,19.0
1607091382.0842,26.0
1607091382.0848,26.0
1607091382.0866,21.0
1607091382.0873,21.0
1607091382.0886,14.0
1607091382.0906,16.0
1607091382.0926,113.0
1607091382.0946,375.0
1607091382.0966,699.0
1607091382.0986,759.0
1607091382.1005,303.0
1607091382.1025,-204.0
1607091382.1045,-163.0
1607091382.1065,38.0
1607091382.1085,-45.0
1607091382.1106,-108.0
1607091382.1125,-36.0
1607091382.1146,-31.0
1607091382.1165,-60.0
1607091382.1171,-38.0
1607091382.1186,-24.0
1607091382.1206,-31.0
1607091382.1227,-24.0
1607091382.1246,-12.0
1607091382.1266,-9.0
1607091382.1286,-7.0
1607091382.1306,0.0
1607091382.1325,7.0
1607091382.1345,14.0
1607091382.1365,19.0
1607091382.1385,19.0
1607091382.1405,21.0
1607091382.1425,28.0
1607091382.1445,36.0
1607091382.1466,38.0
1607091382.1473,45.0
1607091382.1496,60.0
1607091382.1515,69.0
1607091382.1535,81.0
1607091382.1556,101.0
1607091382.1577,117.0
1607091382.1595,122.0
1607091382.1615,134.0
1607091382.1637,149.0
1607091382.1644,153.0
1607091382.1665,153.0
1607091382.1685,146.0
1607091382.1706,125.0
1607091382.1725,88.0
1607091382.1745,45.0
1607091382.1751,12.0
1607091382.1765,-14.0
1607091382.1785,-38.0
1607091382.1805,-55.0
1607091382.1825,-62.0
1607091382.1845,-62.0
1607091382.1865,-62.0
1607091382.1885,-67.0
1607091382.1906,-64.0
1607091382.1925,-57.0
1607091382.1945,-48.0
1607091382.1965,-43.0
1607091382.1985,-40.0
1607091382.2005,-38.0
1607091382.2025,-33.0
1607091382.2045,-28.0
1607091382.2051,-21.0
1607091382.2065,-16.0
1607091382.2085,-19.0
1607091382.2105,-16.0
1607091382.2125,-9.0
1607091382.2145,-4.0
1607091382.2165,-4.0
1607091382.654,-7.0
1607091382.6549,-4.0
1607091382.6573,2.0
1607091382.66,2.0
1607091382.6619,-2.0
1607091382.664,-4.0
1607091382.666,0.0
1607091382.668,-2.0
1607091382.67,-12.0
1607091382.6707,-12.0
1607091382.672,-4.0
1607091382.674,-4.0
1607091382.676,-4.0
1607091382.678,-4.0
1607091382.68,-2.0
1607091382.6819,-2.0
1607091382.6839,-2.0
1607091382.6859,0.0
1607091382.6879,2.0
1607091382.6899,2.0
1607091382.6919,2.0
1607091382.6941,9.0
1607091382.696,9.0
1607091382.6979,2.0
1607091382.6999,2.0
1607091382.7005,7.0
1607091382.7019,9.0
1607091382.7039,9.0
1607091382.7059,7.0
1607091382.7079,9.0
1607091382.7099,14.0
1607091382.7119,14.0
1607091382.7139,12.0
1607091382.7159,14.0
1607091382.7179,16.0
1607091382.7199,19.0
1607091382.7219,19.0
1607091382.7239,14.0
1607091382.7259,12.0
1607091382.7279,12.0
1607091382.7299,12.0
1607091382.7305,9.0
1607091382.7319,2.0
1607091382.7339,0.0
1607091382.7359,16.0
1607091382.7379,40.0
1607091382.7399,48.0
1607091382.7419,40.0
1607091382.7439,33.0
1607091382.7459,19.0
1607091382.7479,9.0
1607091382.7499,12.0
1607091382.7519,14.0
1607091382.7539,14.0
1607091382.7558,14.0
1607091382.7579,14.0
1607091382.7599,14.0
1607091382.7605,9.0
1607091382.7619,-4.0
1607091382.7639,45.0
1607091382.7659,254.0
1607091382.7679,598.0
1607091382.7699,815.0
1607091382.7719,543.0
1607091382.7739,-50.0
1607091382.7759,-240.0
1607091382.7779,-12.0
1607091382.7799,16.0
1607091382.7819,-98.0
1607091382.7839,-60.0
1607091382.7859,-19.0
1607091382.7879,-50.0
1607091382.7901,-45.0
1607091383.1943,-21.0
1607091383.195,-26.0
1607091383.1973,-24.0
1607091383.2001,-14.0
1607091383.202,-9.0
1607091383.204,-4.0
1607091383.206,0.0
1607091383.208,2.0
1607091383.2101,4.0
1607091383.2122,2.0
1607091383.214,2.0
1607091383.216,9.0
1607091383.218,14.0
1607091383.2187,21.0
1607091383.22,28.0
1607091383.222,40.0
1607091383.224,48.0
1607091383.226,57.0
1607091383.228,69.0
1607091383.23,84.0
1607091383.232,96.0
1607091383.234,110.0
1607091383.236,129.0
1607091383.238,144.0
1607091383.24,146.0
1607091383.242,146.0
1607091383.244,139.0
1607091383.246,120.0
1607091383.248,84.0
1607091383.2486,45.0
1607091383.25,7.0
1607091383.252,-24.0
1607091383.254,-48.0
1607091383.256,-64.0
1607091383.258,-74.0
1607091383.26,-81.0
1607091383.262,-91.0
1607091383.264,-88.0
1607091383.266,-79.0
1607091383.268,-79.0
1607091383.27,-79.0
1607091383.272,-72.0
1607091383.274,-64.0
1607091383.276,-62.0
1607091383.278,-55.0
1607091383.2786,-50.0
1607091383.28,-43.0
1607091383.282,-40.0
1607091383.284,-38.0
1607091383.286,-33.0
1607091383.2881,-28.0
1607091383.2901,-24.0
1607091383.292,-21.0
1607091383.294,-19.0
1607091383.296,-19.0
1607091383.298,-19.0
1607091383.3,-19.0
1607091383.302,-16.0
1607091383.304,-14.0
1607091383.306,-14.0
1607091383.308,-16.0
1607091383.3086,-14.0
1607091383.31,-12.0
1607091383.312,-12.0
1607091383.314,-9.0
1607091383.316,-7.0
1607091383.318,-7.0
1607091383.32,-9.0
1607091383.322,-7.0
1607091383.324,-2.0
1607091383.326,0.0
1607091383.328,2.0
1607091383.33,2.0
1607091383.764,0.0
1607091383.7646,4.0
1607091383.7658,7.0
1607091383.7664,2.0
1607091383.7677,2.0
1607091383.7698,4.0
1607091383.7717,0.0
1607091383.7737,-4.0
1607091383.7757,-2.0
1607091383.7777,0.0
1607091383.7798,0.0
1607091383.7817,0.0
1607091383.7837,2.0
1607091383.7857,2.0
1607091383.7877,4.0
1607091383.7897,9.0
1607091383.7917,7.0
1607091383.7937,4.0
1607091383.7957,7.0
1607091383.7963,4.0
1607091383.7977,4.0
1607091383.7997,7.0
1607091383.8017,9.0
1607091383.8037,7.0
1607091383.8057,7.0
1607091383.8077,9.0
1607091383.8097,9.0
1607091383.8117,4.0
1607091383.8138,0.0
1607091383.8157,-4.0
1607091383.8177,0.0
1607091383.8197,19.0
1607091383.8217,40.0
1607091383.8237,38.0
1607091383.8257,28.0
1607091383.8263,21.0
1607091383.8277,12.0
1607091383.8297,7.0
1607091383.8317,4.0
1607091383.8337,7.0
1607091383.8357,7.0
1607091383.8377,7.0
1607091383.8397,9.0
1607091383.8417,12.0
1607091383.8437,4.0
1607091383.8457,-9.0
1607091383.8477,28.0
1607091383.8497,218.0
1607091383.8517,545.0
1607091383.8537,783.0
1607091383.8557,581.0
1607091383.8563,21.0
1607091383.8577,-223.0
1607091383.8597,-38.0
1607091383.8617,9.0
1607091383.8637,-101.0
1607091383.8657,-74.0
1607091383.8677,-31.0
1607091383.8697,-60.0
1607091383.8717,-55.0
1607091383.8737,-33.0
1607091383.8757,-38.0
1607091383.8777,-38.0
1607091383.8797,-24.0
1607091383.8817,-19.0
1607091383.8837,-19.0
1607091383.8858,-12.0
1607091383.8863,-7.0
1607091383.8877,-4.0
1607091383.8897,-2.0
1607091383.8917,2.0
1607091383.8937,4.0
1607091383.8957,12.0
1607091384.3045,19.0
1607091384.3052,26.0
1607091384.3076,36.0
1607091384.3103,43.0
1607091384.3122,50.0
1607091384.3142,62.0
1607091384.3165,76.0
1607091384.3183,86.0
1607091384.3188,91.0
1607091384.3202,103.0
1607091384.3222,110.0
1607091384.3242,115.0
1607091384.3262,122.0
1607091384.3282,122.0
1607091384.3303,108.0
1607091384.3322,79.0
1607091384.3342,43.0
1607091384.3362,7.0
1607091384.3382,-24.0
1607091384.3402,-48.0
1607091384.3422,-64.0
1607091384.3442,-76.0
1607091384.3462,-88.0
1607091384.3482,-88.0
1607091384.3488,-88.0
1607091384.3502,-86.0
1607091384.3522,-81.0
1607091384.3542,-74.0
1607091384.3562,-72.0
1607091384.3582,-69.0
1607091384.3602,-64.0
1607091384.3622,-57.0
1607091384.3642,-55.0
1607091384.3662,-50.0
1607091384.3682,-45.0
1607091384.3702,-40.0
1607091384.3722,-36.0
1607091384.3742,-31.0
1607091384.3762,-28.0
1607091384.3782,-31.0
1607091384.3788,-28.0
1607091384.3802,-26.0
1607091384.3822,-28.0
1607091384.3842,-24.0
1607091384.3862,-19.0
1607091384.3882,-21.0
1607091384.3902,-24.0
1607091384.3922,-19.0
1607091384.3942,-14.0
1607091384.3962,-14.0
1607091384.3982,-16.0
1607091384.4002,-12.0
1607091384.4022,-9.0
1607091384.4042,-9.0
1607091384.4062,-9.0
1607091384.4082,-4.0
1607091384.4088,0.0
1607091384.4103,2.0
1607091384.4123,0.0
1607091384.4142,0.0
1607091384.4162,4.0
1607091384.4182,7.0
1607091384.4202,4.0
1607091384.4222,4.0
1607091384.4242,7.0
1607091384.4262,7.0
1607091384.4282,4.0
1607091384.4302,9.0
1607091384.4322,9.0
1607091384.4342,9.0
1607091384.4362,9.0
1607091384.4382,12.0
1607091384.4388,14.0
1607091384.9049,14.0
1607091384.9058,12.0
1607091384.9083,12.0
1607091384.9109,14.0
1607091384.9129,12.0
1607091384.9148,7.0
1607091384.9169,7.0
1607091384.9188,9.0
1607091384.9208,7.0
1607091384.9228,4.0
1607091384.9248,9.0
1607091384.9268,14.0
1607091384.9289,12.0
1607091384.9308,9.0
1607091384.9328,7.0
1607091384.9334,7.0
1607091384.9348,12.0
1607091384.9368,14.0
1607091384.9388,12.0
1607091384.9408,9.0
1607091384.9428,7.0
1607091384.9448,7.0
1607091384.9468,9.0
1607091384.9488,14.0
1607091384.9508,26.0
1607091384.9528,43.0
1607091384.9547,50.0
1607091384.9567,45.0
1607091384.9587,33.0
1607091384.9608,24.0
1607091384.9628,19.0
1607091384.9634,19.0
1607091384.9648,16.0
1607091384.9668,14.0
1607091384.9687,16.0
1607091384.9709,21.0
1607091384.9728,21.0
1607091384.9747,19.0
1607091384.9768,4.0
1607091384.9787,12.0
1607091384.9807,144.0
1607091384.9827,444.0
1607091384.9847,743.0
1607091384.9867,702.0
1607091384.9887,204.0
1607091384.9908,-189.0
1607091384.9927,-79.0
1607091384.9934,48.0
1607091384.9947,-57.0
1607091384.9967,-79.0
1607091384.9988,-19.0
1607091385.0008,-36.0
1607091385.0027,-50.0
1607091385.0047,-24.0
1607091385.0067,-16.0
1607091385.0087,-19.0
1607091385.0108,-9.0
1607091385.0128,-4.0
1607091385.0147,-7.0
1607091385.0167,-2.0
1607091385.0187,4.0
1607091385.0208,12.0
1607091385.0228,16.0
1607091385.0234,16.0
1607091385.0247,19.0
1607091385.0267,21.0
1607091385.0287,28.0
1607091385.0308,38.0
1607091385.0327,45.0
1607091385.0347,50.0
1607091385.0367,62.0
1607091385.0387,74.0
1607091385.0408,84.0
1607091385.4447,98.0
1607091385.4453,115.0
1607091385.4477,127.0
1607091385.4488,139.0
1607091385.4503,149.0
1607091385.4523,149.0
1607091385.4543,146.0
1607091385.4564,134.0
1607091385.4583,110.0
1607091385.4603,69.0
1607091385.4623,21.0
1607091385.4644,-14.0
1607091385.4663,-33.0
1607091385.4685,-50.0
1607091385.4704,-69.0
1607091385.4723,-74.0
1607091385.4743,-74.0
1607091385.4763,-74.0
1607091385.4783,-72.0
1607091385.4789,-67.0
1607091385.4803,-62.0
1607091385.4823,-62.0
1607091385.4843,-62.0
1607091385.4863,-55.0
1607091385.4883,-50.0
1607091385.4904,-50.0
1607091385.4923,-43.0
1607091385.4943,-36.0
1607091385.4963,-31.0
1607091385.4983,-24.0
1607091385.5003,-21.0
1607091385.5024,-24.0
1607091385.5043,-21.0
1607091385.5063,-16.0
1607091385.5083,-16.0
1607091385.5089,-14.0
1607091385.5103,-14.0
1607091385.5123,-14.0
1607091385.5143,-12.0
1607091385.5163,-7.0
1607091385.5183,-4.0
1607091385.5203,-4.0
1607091385.5223,-2.0
1607091385.5243,0.0
1607091385.5263,0.0
1607091385.5284,2.0
1607091385.5304,2.0
1607091385.5325,2.0
1607091385.5344,4.0
1607091385.5363,7.0
1607091385.5383,9.0
1607091385.539,9.0
1607091385.5404,9.0
1607091385.5423,7.0
1607091385.5443,12.0
1607091385.5463,16.0
1607091385.5483,12.0
1607091385.5503,9.0
1607091385.5523,12.0
1607091385.5543,14.0
1607091385.5563,14.0
1607091385.5583,16.0
1607091385.5604,19.0
1607091385.5623,19.0
1607091385.5645,19.0
1607091385.5664,19.0
1607091385.5683,21.0
1607091385.5689,24.0
1607091385.5703,21.0
1607091385.5723,19.0
1607091385.5743,21.0
1607091385.5763,26.0
1607091385.5783,26.0
1607091386.0145,19.0
1607091386.0154,16.0
1607091386.0178,21.0
1607091386.0204,24.0
1607091386.0224,24.0
1607091386.0244,24.0
1607091386.0264,19.0
1607091386.0284,9.0
1607091386.0304,7.0
1607091386.0324,12.0
1607091386.0407,7.0
1607091386.0424,4.0
1607091386.0444,19.0
1607091386.0464,43.0
1607091386.0484,52.0
1607091386.0504,48.0
1607091386.0524,38.0
1607091386.0544,26.0
1607091386.0564,14.0
1607091386.0584,12.0
1607091386.0604,16.0
1607091386.0624,21.0
1607091386.0644,19.0
1607091386.0664,16.0
1607091386.0684,21.0
1607091386.069,21.0
1607091386.0703,4.0
1607091386.0724,14.0
1607091386.0744,151.0
1607091386.0764,456.0
1607091386.0783,767.0
1607091386.0804,721.0
1607091386.0823,182.0
1607091386.0844,-247.0
1607091386.0864,-110.0
1607091386.0884,57.0
1607091386.0904,-50.0
1607091386.0924,-81.0
1607091386.0943,-14.0
1607091386.0963,-26.0
1607091386.0984,-43.0
1607091386.099,-16.0
1607091386.1005,-9.0
1607091386.1024,-19.0
1607091386.1044,-12.0
1607091386.1064,-2.0
1607091386.1083,-2.0
1607091386.1104,0.0
1607091386.1124,4.0
1607091386.1144,9.0
1607091386.1163,14.0
1607091386.1183,19.0
1607091386.1204,26.0
1607091386.1224,31.0
1607091386.1244,36.0
1607091386.1264,40.0
1607091386.1283,50.0
1607091386.129,57.0
1607091386.1304,64.0
1607091386.1323,79.0
1607091386.1344,98.0
1607091386.1364,108.0
1607091386.1384,115.0
1607091386.1404,132.0
1607091386.1423,149.0
1607091386.1444,153.0
1607091386.1464,156.0
1607091386.1484,158.0
1607091386.1504,144.0
1607091386.1524,110.0
1607091386.1544,72.0
1607091386.1564,31.0
1607091386.1584,-7.0
1607091386.555,-38.0
1607091386.5559,-55.0
1607091386.5584,-62.0
1607091386.561,-72.0
1607091386.5629,-79.0
1607091386.565,-79.0
1607091386.567,-84.0
1607091386.569,-88.0
1607091386.5709,-93.0
1607091386.5729,-91.0
1607091386.5749,-79.0
1607091386.5769,-72.0
1607091386.5789,-74.0
1607091386.5809,-69.0
1607091386.5816,-60.0
1607091386.5829,-55.0
1607091386.5849,-50.0
1607091386.5869,-50.0
1607091386.5889,-45.0
1607091386.5909,-36.0
1607091386.5931,-33.0
1607091386.5949,-31.0
1607091386.5969,-28.0
1607091386.5989,-26.0
1607091386.6009,-26.0
1607091386.6029,-28.0
1607091386.6049,-26.0
1607091386.6069,-24.0
1607091386.6089,-24.0
1607091386.6109,-21.0
1607091386.6115,-21.0
1607091386.6129,-21.0
1607091386.6149,-19.0
1607091386.6169,-16.0
1607091386.6189,-16.0
1607091386.6209,-19.0
1607091386.6229,-16.0
1607091386.6249,-12.0
1607091386.6269,-14.0
1607091386.6289,-16.0
1607091386.631,-12.0
1607091386.6329,-7.0
1607091386.6349,-7.0
1607091386.6368,-9.0
1607091386.6389,-7.0
1607091386.6409,-2.0
1607091386.6415,-4.0
1607091386.6429,-7.0
1607091386.6449,-4.0
1607091386.6469,0.0
1607091386.6489,2.0
1607091386.6509,0.0
1607091386.6529,0.0
1607091386.6549,2.0
1607091386.6568,2.0
1607091386.6589,2.0
1607091386.6609,4.0
1607091386.6629,4.0
1607091386.6649,0.0
1607091386.6669,-2.0
1607091386.6689,0.0
1607091386.6709,2.0
1607091386.6715,4.0
1607091386.6729,4.0
1607091386.6749,2.0
1607091386.6769,4.0
1607091386.6789,7.0
1607091386.6809,7.0
1607091386.6829,4.0
1607091386.6849,2.0
1607091386.687,0.0
1607091386.6891,-2.0
1607091386.6911,7.0
1607091387.1247,28.0
1607091387.1254,43.0
1607091387.1271,45.0
1607091387.1296,36.0
1607091387.1316,19.0
1607091387.1335,2.0
1607091387.1354,-7.0
1607091387.1376,-7.0
1607091387.1395,0.0
1607091387.1414,2.0
1607091387.1436,2.0
1607091387.1455,2.0
1607091387.1475,-2.0
1607091387.1495,-14.0
1607091387.1514,-12.0
1607091387.1534,91.0
1607091387.1554,360.0
1607091387.1574,685.0
1607091387.158,762.0
1607091387.1595,336.0
1607091387.1615,-175.0
1607091387.1634,-170.0
1607091387.1654,24.0
1607091387.1674,-45.0
1607091387.1695,-113.0
1607091387.1715,-43.0
1607091387.1734,-33.0
1607091387.1754,-60.0
1607091387.1774,-43.0
1607091387.1795,-38.0
1607091387.1814,-48.0
1607091387.1834,-36.0
1607091387.1854,-21.0
1607091387.1874,-24.0
1607091387.188,-21.0
1607091387.1895,-19.0
1607091387.1914,-12.0
1607091387.1934,-7.0
1607091387.1954,0.0
1607091387.1975,7.0
1607091387.1995,14.0
1607091387.2014,19.0
1607091387.2034,24.0
1607091387.2054,31.0
1607091387.2074,40.0
1607091387.2095,52.0
1607091387.2114,64.0
1607091387.2134,74.0
1607091387.2154,86.0
1607091387.2176,101.0
1607091387.2181,110.0
1607091387.2195,117.0
1607091387.2214,125.0
1607091387.2234,127.0
1607091387.2254,127.0
1607091387.2274,117.0
1607091387.2294,93.0
1607091387.2314,60.0
1607091387.2334,26.0
1607091387.2354,-4.0
1607091387.2374,-36.0
1607091387.2395,-60.0
1607091387.2414,-69.0
1607091387.2434,-76.0
1607091387.2454,-84.0
1607091387.2474,-84.0
1607091387.248,-79.0
1607091387.2495,-79.0
1607091387.2514,-76.0
1607091387.2534,-72.0
1607091387.2554,-64.0
1607091387.2574,-60.0
1607091387.2595,-57.0
1607091387.6648,-52.0
1607091387.6657,-43.0
1607091387.6681,-38.0
1607091387.6708,-36.0
1607091387.6728,-33.0
1607091387.6748,-33.0
1607091387.6767,-33.0
1607091387.6787,-36.0
1607091387.6807,-33.0
1607091387.6813,-28.0
1607091387.6828,-26.0
1607091387.6847,-26.0
1607091387.6867,-24.0
1607091387.6887,-19.0
1607091387.6907,-16.0
1607091387.6927,-19.0
1607091387.6947,-19.0
1607091387.6967,-16.0
1607091387.6987,-16.0
1607091387.7007,-14.0
1607091387.7027,-16.0
1607091387.7046,-16.0
1607091387.7066,-14.0
1607091387.7087,-12.0
1607091387.7107,-7.0
1607091387.7113,-7.0
1607091387.7127,-4.0
1607091387.7149,-2.0
1607091387.7167,0.0
1607091387.7186,0.0
1607091387.7207,0.0
1607091387.7226,2.0
1607091387.7247,7.0
1607091387.7266,4.0
1607091387.7286,4.0
1607091387.7306,7.0
1607091387.7326,7.0
1607091387.7346,7.0
1607091387.7366,9.0
1607091387.7387,12.0
1607091387.7407,14.0
1607091387.7413,14.0
1607091387.7426,12.0
1607091387.7446,12.0
1607091387.7467,7.0
1607091387.7487,2.0
1607091387.7507,7.0
1607091387.7526,14.0
1607091387.7546,12.0
1607091387.7566,7.0
1607091387.7586,9.0
1607091387.7607,14.0
1607091387.7626,9.0
1607091387.7647,7.0
1607091387.7666,9.0
1607091387.7686,14.0
1607091387.7707,12.0
1607091387.7713,12.0
1607091387.7727,12.0
1607091387.7747,16.0
1607091387.7766,16.0
1607091387.7786,12.0
1607091387.7806,16.0
1607091387.7827,19.0
1607091387.7847,16.0
1607091387.7866,14.0
1607091387.7886,14.0
1607091387.7907,14.0
1607091387.7926,9.0
1607091387.7946,16.0
1607091387.7967,36.0
1607091387.7986,52.0
1607091387.8007,52.0
1607091388.2647,45.0
1607091388.2656,36.0
1607091388.268,21.0
1607091388.2707,12.0
1607091388.2726,7.0
1607091388.2749,7.0
1607091388.2767,12.0
1607091388.2786,12.0
1607091388.2806,9.0
1607091388.2826,12.0
1607091388.2846,0.0
1607091388.2866,-12.0
1607091388.2886,60.0
1607091388.2906,300.0
1607091388.2912,637.0
1607091388.2926,783.0
1607091388.2946,449.0
1607091388.2966,-84.0
1607091388.2986,-180.0
1607091388.3006,9.0
1607091388.3026,-21.0
1607091388.3046,-103.0
1607091388.3066,-52.0
1607091388.3086,-36.0
1607091388.3106,-67.0
1607091388.3126,-50.0
1607091388.3146,-31.0
1607091388.3166,-38.0
1607091388.3186,-33.0
1607091388.3206,-21.0
1607091388.3212,-21.0
1607091388.3225,-19.0
1607091388.3246,-12.0
1607091388.3266,-7.0
1607091388.3285,-2.0
1607091388.3306,2.0
1607091388.3325,4.0
1607091388.3345,7.0
1607091388.3366,12.0
1607091388.3387,16.0
1607091388.3406,24.0
1607091388.3426,33.0
1607091388.3446,38.0
1607091388.3466,48.0
1607091388.3486,57.0
1607091388.3506,69.0
1607091388.3512,84.0
1607091388.3526,93.0
1607091388.3545,110.0
1607091388.3565,125.0
1607091388.3586,127.0
1607091388.3606,127.0
1607091388.3626,127.0
1607091388.3646,113.0
1607091388.3666,84.0
1607091388.3686,48.0
1607091388.3707,16.0
1607091388.3726,-12.0
1607091388.3746,-33.0
1607091388.3766,-52.0
1607091388.3786,-62.0
1607091388.3806,-62.0
1607091388.3812,-64.0
1607091388.3826,-64.0
1607091388.3846,-60.0
1607091388.3866,-55.0
1607091388.3886,-52.0
1607091388.3906,-50.0
1607091388.3926,-45.0
1607091388.3946,-38.0
1607091388.3966,-36.0
1607091388.3986,-36.0
1607091388.4006,-28.0
1607091388.8348,-26.0
1607091388.8357,-28.0
1607091388.8381,-24.0
1607091388.8409,-19.0
1607091388.8415,-19.0
1607091388.8428,-16.0
1607091388.8448,-14.0
1607091388.8469,-12.0
1607091388.8488,-16.0
1607091388.8508,-24.0
1607091388.8527,-24.0
1607091388.8547,-14.0
1607091388.8567,-16.0
1607091388.8587,-26.0
1607091388.8608,-26.0
1607091388.8627,-16.0
1607091388.8647,-14.0
1607091388.8667,-19.0
1607091388.8687,-14.0
1607091388.8694,-7.0
1607091388.8707,-9.0
1607091388.8727,-9.0
1607091388.8747,-4.0
1607091388.8767,-2.0
1607091388.8787,2.0
1607091388.8807,4.0
1607091388.8827,4.0
1607091388.8847,-2.0
1607091388.8867,-7.0
1607091388.8887,-4.0
1607091388.8907,0.0
1607091388.8927,2.0
1607091388.8947,0.0
1607091388.8967,2.0
1607091388.8988,4.0
1607091388.8993,2.0
1607091388.9007,2.0
1607091388.9027,4.0
1607091388.9047,4.0
1607091388.9067,4.0
1607091388.9087,9.0
1607091388.9107,14.0
1607091388.9127,7.0
1607091388.9147,4.0
1607091388.9167,7.0
1607091388.9187,12.0
1607091388.9207,14.0
1607091388.9227,14.0
1607091388.9247,12.0
1607091388.9267,12.0
1607091388.9287,16.0
1607091388.9293,16.0
1607091388.9307,16.0
1607091388.9327,16.0
1607091388.9347,19.0
1607091388.9367,19.0
1607091388.9387,16.0
1607091388.9407,16.0
1607091388.9427,21.0
1607091388.9447,21.0
1607091388.9467,19.0
1607091388.9487,19.0
1607091388.9507,16.0
1607091388.9527,16.0
1607091388.9547,21.0
1607091388.9567,21.0
1607091388.9587,16.0
1607091388.9593,7.0
1607091388.9607,2.0
1607091388.9627,12.0
1607091388.9647,28.0
1607091388.9667,43.0
1607091388.9687,48.0
1607091389.3754,45.0
1607091389.3763,31.0
1607091389.3787,16.0
1607091389.3814,14.0
1607091389.3834,14.0
1607091389.3854,16.0
1607091389.3875,16.0
1607091389.3894,12.0
1607091389.39,9.0
1607091389.3913,4.0
1607091389.3933,-7.0
1607091389.3953,-19.0
1607091389.3975,36.0
1607091389.3994,250.0
1607091389.4013,579.0
1607091389.4033,771.0
1607091389.4053,500.0
1607091389.4073,-55.0
1607091389.4094,-216.0
1607091389.4113,-14.0
1607091389.4133,-12.0
1607091389.4153,-117.0
1607091389.4173,-74.0
1607091389.4193,-38.0
1607091389.4199,-69.0
1607091389.4213,-64.0
1607091389.4233,-43.0
1607091389.4253,-45.0
1607091389.4273,-40.0
1607091389.4293,-26.0
1607091389.4313,-28.0
1607091389.4338,-28.0
1607091389.4353,-24.0
1607091389.4373,-16.0
1607091389.4393,-12.0
1607091389.4414,-7.0
1607091389.4433,-2.0
1607091389.4453,0.0
1607091389.4475,2.0
1607091389.4494,14.0
1607091389.4499,26.0
1607091389.4513,33.0
1607091389.4532,40.0
1607091389.4553,52.0
1607091389.4573,64.0
1607091389.4593,76.0
1607091389.4612,91.0
1607091389.4633,105.0
1607091389.4654,115.0
1607091389.4673,127.0
1607091389.4693,134.0
1607091389.4713,141.0
1607091389.4733,144.0
1607091389.4753,129.0
1607091389.4773,98.0
1607091389.4793,62.0
1607091389.4799,28.0
1607091389.4814,0.0
1607091389.4833,-24.0
1607091389.4853,-40.0
1607091389.4873,-55.0
1607091389.4892,-62.0
1607091389.4912,-62.0
1607091389.4936,-64.0
1607091389.4953,-62.0
1607091389.4975,-60.0
1607091389.4993,-57.0
1607091389.5013,-50.0
1607091389.5033,-45.0
1607091389.5053,-40.0
1607091389.5073,-36.0
1607091389.5079,-31.0
1607091389.5093,-26.0
1607091389.9456,-21.0
1607091389.9466,-21.0
1607091389.949,-19.0
1607091389.9508,-14.0
1607091389.9527,-14.0
1607091389.9546,-14.0
1607091389.9566,-12.0
1607091389.9587,-16.0
1607091389.9607,-24.0
1607091389.9626,-19.0
1607091389.9646,-16.0
1607091389.9666,-21.0
1607091389.9686,-19.0
1607091389.9706,-16.0
1607091389.9712,-19.0
1607091389.9726,-24.0
1607091389.9746,-19.0
1607091389.9766,-19.0
1607091389.9786,-21.0
1607091389.9806,-24.0
1607091389.9826,-19.0
1607091389.9846,-12.0
1607091389.9866,-7.0
1607091389.9886,-7.0
1607091389.9906,-4.0
1607091389.9926,-4.0
1607091389.9946,-2.0
1607091389.9966,0.0
1607091389.9986,2.0
1607091390.0006,4.0
1607091390.0012,0.0
1607091390.0026,0.0
1607091390.0046,4.0
1607091390.0066,9.0
1607091390.0085,12.0
1607091390.0106,14.0
1607091390.0126,9.0
1607091390.0146,4.0
1607091390.0166,7.0
1607091390.0186,12.0
1607091390.0206,16.0
1607091390.0227,16.0
1607091390.0246,16.0
1607091390.0265,19.0
1607091390.0286,19.0
1607091390.0306,19.0
1607091390.0312,24.0
1607091390.0326,21.0
1607091390.0345,16.0
1607091390.0365,16.0
1607091390.0386,16.0
1607091390.0406,16.0
1607091390.0426,14.0
1607091390.0447,14.0
1607091390.0466,19.0
1607091390.0486,19.0
1607091390.0506,16.0
1607091390.0525,12.0
1607091390.0546,7.0
1607091390.0566,7.0
1607091390.0585,21.0
1607091390.0606,45.0
1607091390.0612,52.0
1607091390.0626,48.0
1607091390.0646,40.0
1607091390.0666,28.0
1607091390.0686,19.0
1607091390.0706,16.0
1607091390.0726,19.0
1607091390.0746,19.0
1607091390.0766,16.0
1607091390.0786,14.0
1607091390.0806,16.0
1607091390.4855,12.0
1607091390.4865,-4.0
1607091390.4882,26.0
1607091390.4906,211.0
1607091390.4925,538.0
1607091390.4945,793.0
1607091390.4965,606.0
1607091390.4985,12.0
1607091390.5005,-283.0
1607091390.5025,-74.0
1607091390.5045,14.0
1607091390.5065,-103.0
1607091390.5085,-88.0
1607091390.5105,-33.0
1607091390.5125,-62.0
1607091390.5145,-67.0
1607091390.5165,-38.0
1607091390.5185,-38.0
1607091390.5191,-40.0
1607091390.5207,-33.0
1607091390.5225,-28.0
1607091390.5244,-24.0
1607091390.5264,-21.0
1607091390.5284,-16.0
1607091390.5304,-7.0
1607091390.5324,0.0
1607091390.5345,2.0
1607091390.5364,7.0
1607091390.5384,12.0
1607091390.5406,19.0
1607091390.5424,26.0
1607091390.5444,36.0
1607091390.5464,43.0
1607091390.5484,57.0
1607091390.549,69.0
1607091390.5505,84.0
1607091390.5524,98.0
1607091390.5544,115.0
1607091390.5564,132.0
1607091390.5584,144.0
1607091390.5604,149.0
1607091390.5624,153.0
1607091390.5644,151.0
1607091390.5664,134.0
1607091390.5684,103.0
1607091390.5705,69.0
1607091390.5724,31.0
1607091390.5744,-7.0
1607091390.5765,-33.0
1607091390.5784,-45.0
1607091390.579,-55.0
1607091390.5804,-67.0
1607091390.5824,-69.0
1607091390.5844,-67.0
1607091390.5864,-64.0
1607091390.5884,-62.0
1607091390.5905,-60.0
1607091390.5924,-52.0
1607091390.5945,-48.0
1607091390.5964,-45.0
1607091390.5984,-40.0
1607091390.6005,-33.0
1607091390.6024,-31.0
1607091390.6044,-28.0
1607091390.6064,-26.0
1607091390.6084,-21.0
1607091390.609,-16.0
1607091390.6104,-16.0
1607091390.6124,-16.0
1607091390.6144,-9.0
1607091390.6166,-9.0
1607091390.6185,-12.0
1607091390.6204,-14.0
1607091391.0555,-14.0
1607091391.0563,-14.0
1607091391.0578,-14.0
1607091391.0599,-12.0
1607091391.0618,-14.0
1607091391.0638,-19.0
1607091391.0658,-24.0
1607091391.0664,-24.0
1607091391.0678,-16.0
1607091391.0698,-14.0
1607091391.0717,-14.0
1607091391.0737,-12.0
1607091391.0758,-9.0
1607091391.0777,-7.0
1607091391.0798,-9.0
1607091391.0817,-7.0
1607091391.0837,-2.0
1607091391.0857,0.0
1607091391.0877,0.0
1607091391.0898,0.0
1607091391.0917,0.0
1607091391.0937,2.0
1607091391.0957,2.0
1607091391.0963,4.0
1607091391.0977,7.0
1607091391.0997,7.0
1607091391.1017,7.0
1607091391.1037,7.0
1607091391.1057,7.0
1607091391.1077,7.0
1607091391.1098,9.0
1607091391.1117,7.0
1607091391.1137,4.0
1607091391.1157,7.0
1607091391.1177,9.0
1607091391.1197,12.0
1607091391.1217,9.0
1607091391.1237,9.0
1607091391.1257,12.0
1607091391.1264,14.0
1607091391.1277,12.0
1607091391.1297,14.0
1607091391.1317,16.0
1607091391.1337,19.0
1607091391.1357,16.0
1607091391.1377,9.0
1607091391.1397,7.0
1607091391.1417,12.0
1607091391.1438,31.0
1607091391.1457,48.0
1607091391.1477,55.0
1607091391.1497,52.0
1607091391.1517,40.0
1607091391.1537,21.0
1607091391.1557,14.0
1607091391.1563,16.0
1607091391.1577,19.0
1607091391.1597,16.0
1607091391.1617,14.0
1607091391.1637,16.0
1607091391.1657,16.0
1607091391.1677,4.0
1607091391.1697,-7.0
1607091391.1717,50.0
1607091391.1737,271.0
1607091391.1757,606.0
1607091391.1777,786.0
1607091391.1797,495.0
1607091391.1817,-64.0
1607091391.1837,-218.0
1607091391.1857,-9.0
1607091391.1863,-4.0
1607091391.1877,-105.0
1607091391.6256,-57.0
1607091391.6265,-26.0
1607091391.6289,-67.0
1607091391.6317,-67.0
1607091391.6336,-43.0
1607091391.6356,-43.0
1607091391.6377,-43.0
1607091391.6396,-43.0
1607091391.6415,-48.0
1607091391.6435,-45.0
1607091391.6455,-36.0
1607091391.6475,-28.0
1607091391.6495,-26.0
1607091391.6515,-19.0
1607091391.6521,-12.0
1607091391.6535,-7.0
1607091391.6555,0.0
1607091391.6575,9.0
1607091391.6595,16.0
1607091391.6614,24.0
1607091391.6634,38.0
1607091391.6654,45.0
1607091391.6674,52.0
1607091391.6694,69.0
1607091391.6715,86.0
1607091391.6734,98.0
1607091391.6756,110.0
1607091391.6776,122.0
1607091391.6795,127.0
1607091391.6814,134.0
1607091391.682,132.0
1607091391.6834,115.0
1607091391.6854,88.0
1607091391.6875,52.0
1607091391.6894,16.0
1607091391.6915,-14.0
1607091391.6935,-36.0
1607091391.6954,-50.0
1607091391.6976,-60.0
1607091391.6994,-62.0
1607091391.7014,-67.0
1607091391.7034,-64.0
1607091391.7054,-62.0
1607091391.7074,-57.0
1607091391.7094,-52.0
1607091391.7114,-50.0
1607091391.712,-50.0
1607091391.7134,-40.0
1607091391.7154,-31.0
1607091391.7174,-33.0
1607091391.7194,-33.0
1607091391.7215,-28.0
1607091391.7234,-21.0
1607091391.7255,-16.0
1607091391.7274,-16.0
1607091391.7294,-16.0
1607091391.7314,-14.0
1607091391.7334,-14.0
1607091391.7354,-16.0
1607091391.7374,-14.0
1607091391.7394,-12.0
1607091391.7415,-9.0
1607091391.742,-12.0
1607091391.7434,-14.0
1607091391.7454,-9.0
1607091391.7474,-7.0
1607091391.7494,-7.0
1607091391.7515,-4.0
1607091391.7534,-2.0
1607091391.7554,-4.0
1607091391.7574,-7.0
1607091391.7594,-4.0
1607091391.7614,-2.0
1607091392.1957,-2.0
1607091392.1966,0.0
1607091392.1983,4.0
1607091392.2008,4.0
1607091392.2029,2.0
1607091392.2047,4.0
1607091392.2066,9.0
1607091392.2086,7.0
1607091392.2106,-4.0
1607091392.2126,-7.0
1607091392.2146,2.0
1607091392.2166,4.0
1607091392.2186,0.0
1607091392.2207,0.0
1607091392.2226,0.0
1607091392.2246,2.0
1607091392.2266,4.0
1607091392.2286,7.0
1607091392.2292,7.0
1607091392.2306,7.0
1607091392.2326,4.0
1607091392.2346,4.0
1607091392.2366,9.0
1607091392.2386,9.0
1607091392.2406,7.0
1607091392.2426,9.0
1607091392.2446,14.0
1607091392.2466,12.0
1607091392.2486,12.0
1607091392.2506,14.0
1607091392.2526,19.0
1607091392.2546,16.0
1607091392.2566,12.0
1607091392.2586,14.0
1607091392.2592,21.0
1607091392.2606,16.0
1607091392.2626,14.0
1607091392.2646,19.0
1607091392.2666,16.0
1607091392.2686,12.0
1607091392.2706,9.0
1607091392.2726,12.0
1607091392.2746,19.0
1607091392.2766,40.0
1607091392.2786,52.0
1607091392.2806,48.0
1607091392.2826,33.0
1607091392.2846,21.0
1607091392.2866,16.0
1607091392.2886,12.0
1607091392.2892,9.0
1607091392.2906,7.0
1607091392.2926,4.0
1607091392.2946,9.0
1607091392.2966,9.0
1607091392.2987,4.0
1607091392.3007,-12.0
1607091392.3026,-2.0
1607091392.3046,125.0
1607091392.3066,416.0
1607091392.3086,716.0
1607091392.3106,704.0
1607091392.3126,223.0
1607091392.3146,-206.0
1607091392.3166,-122.0
1607091392.3186,28.0
1607091392.3192,-67.0
1607091392.3206,-101.0
1607091392.3226,-36.0
1607091392.3246,-45.0
1607091392.3266,-64.0
1607091392.3286,-40.0
1607091392.3306,-31.0
1607091392.7353,-38.0
1607091392.7361,-33.0
1607091392.7386,-21.0
1607091392.7413,-19.0
1607091392.7433,-21.0
1607091392.7452,-19.0
1607091392.7473,-12.0
1607091392.7492,-9.0
1607091392.7513,-7.0
1607091392.7519,-4.0
1607091392.7532,-4.0
1607091392.7552,0.0
1607091392.7573,12.0
1607091392.7592,14.0
1607091392.7612,24.0
1607091392.7632,36.0
1607091392.7652,48.0
1607091392.7672,57.0
1607091392.7692,69.0
1607091392.7712,86.0
1607091392.7732,103.0
1607091392.7751,113.0
1607091392.7772,120.0
1607091392.7792,132.0
1607091392.7811,134.0
1607091392.7818,120.0
1607091392.7831,101.0
1607091392.7851,72.0
1607091392.7871,38.0
1607091392.7891,7.0
1607091392.7912,-16.0
1607091392.7931,-36.0
1607091392.7952,-50.0
1607091392.7973,-62.0
1607091392.7992,-64.0
1607091392.8012,-60.0
1607091392.8031,-62.0
1607091392.8051,-64.0
1607091392.8071,-60.0
1607091392.8091,-52.0
1607091392.8111,-48.0
1607091392.8117,-48.0
1607091392.8131,-43.0
1607091392.8151,-38.0
1607091392.8171,-40.0
1607091392.8191,-38.0
1607091392.8211,-28.0
1607091392.8231,-24.0
1607091392.8251,-24.0
1607091392.8271,-21.0
1607091392.8291,-19.0
1607091392.8311,-14.0
1607091392.8331,-14.0
1607091392.8351,-12.0
1607091392.8371,-9.0
1607091392.8391,-12.0
1607091392.8411,-14.0
1607091392.8417,-9.0
1607091392.8432,-7.0
1607091392.8451,-7.0
1607091392.8471,-7.0
1607091392.8491,-4.0
1607091392.8512,-2.0
1607091392.8531,-4.0
1607091392.8551,-4.0
1607091392.8571,0.0
1607091392.8591,2.0
1607091392.8611,4.0
1607091392.8631,2.0
1607091392.8651,2.0
1607091392.8671,4.0
1607091392.8691,9.0
1607091392.8711,9.0
1607091393.3058,9.0
1607091393.3067,12.0
1607091393.3091,12.0
1607091393.3118,12.0
1607091393.3138,12.0
1607091393.3157,12.0
1607091393.3178,7.0
1607091393.3197,2.0
1607091393.3217,4.0
1607091393.3237,7.0
1607091393.3257,4.0
1607091393.328,7.0
1607091393.3298,12.0
1607091393.3317,12.0
1607091393.3323,12.0
1607091393.3337,12.0
1607091393.3357,16.0
1607091393.3377,16.0
1607091393.3397,12.0
1607091393.3417,14.0
1607091393.3437,16.0
1607091393.3457,14.0
1607091393.3477,9.0
1607091393.3497,12.0
1607091393.3517,16.0
1607091393.3537,19.0
1607091393.3556,16.0
1607091393.3577,16.0
1607091393.3597,16.0
1607091393.3616,14.0
1607091393.3623,14.0
1607091393.3637,16.0
1607091393.3657,19.0
1607091393.3677,12.0
1607091393.3697,9.0
1607091393.3716,9.0
1607091393.3736,7.0
1607091393.3756,12.0
1607091393.3777,33.0
1607091393.3796,48.0
1607091393.3816,45.0
1607091393.3836,33.0
1607091393.3857,19.0
1607091393.3876,14.0
1607091393.3896,14.0
1607091393.3902,12.0
1607091393.3916,12.0
1607091393.3936,16.0
1607091393.3956,16.0
1607091393.3976,14.0
1607091393.3996,9.0
1607091393.4017,0.0
1607091393.4036,16.0
1607091393.4056,165.0
1607091393.4076,471.0
1607091393.4096,755.0
1607091393.4116,668.0
1607091393.4137,141.0
1607091393.4156,-216.0
1607091393.4176,-76.0
1607091393.4196,31.0
1607091393.4202,-79.0
1607091393.4218,-86.0
1607091393.4237,-26.0
1607091393.4256,-45.0
1607091393.4276,-57.0
1607091393.4296,-36.0
1607091393.4316,-33.0
1607091393.4336,-31.0
1607091393.4356,-19.0
1607091393.4377,-14.0
1607091393.4397,-14.0
1607091393.4416,-9.0
1607091393.8457,-2.0
1607091393.8465,2.0
1607091393.8489,9.0
1607091393.8502,16.0
1607091393.8516,21.0
1607091393.8536,21.0
1607091393.8556,24.0
1607091393.8576,24.0
1607091393.8596,26.0
1607091393.8616,33.0
1607091393.8636,48.0
1607091393.8656,60.0
1607091393.8676,69.0
1607091393.8696,84.0
1607091393.8715,101.0
1607091393.8735,113.0
1607091393.8755,125.0
1607091393.8775,134.0
1607091393.8795,139.0
1607091393.8802,134.0
1607091393.8816,122.0
1607091393.8835,105.0
1607091393.8855,74.0
1607091393.8875,33.0
1607091393.8895,-2.0
1607091393.8915,-24.0
1607091393.8935,-40.0
1607091393.8955,-57.0
1607091393.8975,-67.0
1607091393.8995,-69.0
1607091393.9015,-69.0
1607091393.9036,-69.0
1607091393.9055,-64.0
1607091393.9075,-57.0
1607091393.9095,-52.0
1607091393.9101,-50.0
1607091393.9115,-48.0
1607091393.9135,-40.0
1607091393.9155,-31.0
1607091393.9175,-28.0
1607091393.9197,-31.0
1607091393.9216,-28.0
1607091393.9235,-16.0
1607091393.9255,-9.0
1607091393.9275,-9.0
1607091393.9295,-12.0
1607091393.9315,-12.0
1607091393.9335,-7.0
1607091393.9356,-2.0
1607091393.9375,-2.0
1607091393.9395,-2.0
1607091393.9402,-4.0
1607091393.9415,-7.0
1607091393.9435,-4.0
1607091393.9455,-2.0
1607091393.9475,-4.0
1607091393.9495,0.0
1607091393.9515,7.0
1607091393.9535,7.0
1607091393.9555,4.0
1607091393.9575,7.0
1607091393.9595,12.0
1607091393.9615,9.0
1607091393.9635,9.0
1607091393.9655,14.0
1607091393.9675,14.0
1607091393.9695,12.0
1607091393.9701,16.0
1607091393.9715,19.0
1607091393.9735,19.0
1607091393.9756,16.0
1607091393.9775,14.0
1607091393.9795,16.0
1607091394.4158,21.0
1607091394.4167,24.0
1607091394.4192,21.0
1607091394.4219,21.0
1607091394.4238,19.0
1607091394.4258,12.0
1607091394.4278,12.0
1607091394.4298,19.0
1607091394.4304,21.0
1607091394.4317,16.0
1607091394.4337,14.0
1607091394.4357,14.0
1607091394.4377,16.0
1607091394.4397,16.0
1607091394.4417,16.0
1607091394.4437,16.0
1607091394.4457,16.0
1607091394.4477,16.0
1607091394.45,21.0
1607091394.4518,26.0
1607091394.4537,26.0
1607091394.4557,21.0
1607091394.4577,16.0
1607091394.4597,16.0
1607091394.4603,14.0
1607091394.4617,7.0
1607091394.4637,7.0
1607091394.4657,7.0
1607091394.4677,7.0
1607091394.4697,21.0
1607091394.4717,45.0
1607091394.4737,50.0
1607091394.4758,48.0
1607091394.4777,40.0
1607091394.4797,28.0
1607091394.4817,19.0
1607091394.4837,19.0
1607091394.4857,21.0
1607091394.4877,21.0
1607091394.4897,16.0
1607091394.4903,16.0
1607091394.4917,21.0
1607091394.4937,12.0
1607091394.4957,-4.0
1607091394.4977,38.0
1607091394.4997,242.0
1607091394.5017,579.0
1607091394.5037,803.0
1607091394.5057,553.0
1607091394.5077,-43.0
1607091394.5097,-259.0
1607091394.5117,-31.0
1607091394.5137,19.0
1607091394.5157,-91.0
1607091394.5177,-55.0
1607091394.5197,-14.0
1607091394.5203,-50.0
1607091394.5217,-40.0
1607091394.5237,-16.0
1607091394.5257,-26.0
1607091394.5277,-26.0
1607091394.5297,-7.0
1607091394.5317,0.0
1607091394.5337,-4.0
1607091394.5357,0.0
1607091394.5377,7.0
1607091394.5397,9.0
1607091394.5417,14.0
1607091394.5437,19.0
1607091394.5458,21.0
1607091394.5477,26.0
1607091394.5497,31.0
1607091394.5503,36.0
1607091395.0162,45.0
1607091395.0179,52.0
1607091395.0204,60.0
1607091395.0231,69.0
1607091395.0251,86.0
1607091395.0271,101.0
1607091395.0292,110.0
1607091395.031,122.0
1607091395.033,134.0
1607091395.035,141.0
1607091395.037,141.0
1607091395.039,141.0
1607091395.041,129.0
1607091395.043,101.0
1607091395.045,57.0
1607091395.0458,9.0
1607091395.0469,-21.0
1607091395.049,-40.0
1607091395.0511,-57.0
1607091395.053,-72.0
1607091395.055,-76.0
1607091395.057,-76.0
1607091395.059,-72.0
1607091395.061,-69.0
1607091395.063,-69.0
1607091395.065,-67.0
1607091395.067,-60.0
1607091395.069,-55.0
1607091395.071,-48.0
1607091395.0729,-43.0
1607091395.0749,-43.0
1607091395.0755,-38.0
1607091395.0769,-31.0
1607091395.0789,-31.0
1607091395.0809,-31.0
1607091395.0829,-26.0
1607091395.0849,-24.0
1607091395.0869,-24.0
1607091395.089,-21.0
1607091395.091,-19.0
1607091395.0929,-14.0
1607091395.0949,-14.0
1607091395.0969,-12.0
1607091395.0989,-12.0
1607091395.1009,-9.0
1607091395.1029,-14.0
1607091395.1049,-14.0
1607091395.1057,-7.0
1607091395.1069,-4.0
1607091395.1089,-7.0
1607091395.1109,-7.0
1607091395.1129,-7.0
1607091395.1149,-4.0
1607091395.1169,-4.0
1607091395.1189,-4.0
1607091395.121,-2.0
1607091395.1229,4.0
1607091395.1249,2.0
1607091395.1269,2.0
1607091395.1289,4.0
1607091395.1309,4.0
1607091395.1329,7.0
1607091395.1349,12.0
1607091395.1355,9.0
1607091395.1369,7.0
1607091395.1389,7.0
1607091395.1409,9.0
1607091395.1421,12.0
1607091395.1439,9.0
1607091395.1459,9.0
1607091395.1479,14.0
1607091395.1499,16.0
1607091395.1519,14.0
1607091395.5558,12.0
1607091395.5567,14.0
1607091395.5584,16.0
1607091395.5608,16.0
1607091395.5627,14.0
1607091395.5647,14.0
1607091395.5667,19.0
1607091395.5688,16.0
1607091395.5708,12.0
1607091395.5727,9.0
1607091395.5747,9.0
1607091395.5767,4.0
1607091395.5787,0.0
1607091395.5807,2.0
1607091395.5827,4.0
1607091395.5847,0.0
1607091395.5867,-2.0
1607091395.5887,-2.0
1607091395.5893,-2.0
1607091395.5907,0.0
1607091395.5927,16.0
1607091395.5947,38.0
1607091395.5967,43.0
1607091395.5987,33.0
1607091395.6007,24.0
1607091395.6028,12.0
1607091395.6047,4.0
1607091395.6067,4.0
1607091395.6087,7.0
1607091395.6106,9.0
1607091395.6126,12.0
1607091395.6146,9.0
1607091395.6166,2.0
1607091395.6187,-7.0
1607091395.6192,-12.0
1607091395.6207,74.0
1607091395.6227,336.0
1607091395.6246,673.0
1607091395.6266,771.0
1607091395.6287,370.0
1607091395.6307,-161.0
1607091395.6326,-187.0
1607091395.6346,24.0
1607091395.6366,-28.0
1607091395.6386,-108.0
1607091395.6407,-45.0
1607091395.6426,-33.0
1607091395.6446,-62.0
1607091395.6466,-43.0
1607091395.6486,-28.0
1607091395.6493,-40.0
1607091395.6507,-36.0
1607091395.6527,-19.0
1607091395.6546,-12.0
1607091395.6566,-14.0
1607091395.6586,-9.0
1607091395.6606,-9.0
1607091395.6626,-14.0
1607091395.6647,-9.0
1607091395.6666,-2.0
1607091395.6686,4.0
1607091395.6707,12.0
1607091395.6726,14.0
1607091395.6746,21.0
1607091395.6767,33.0
1607091395.6786,43.0
1607091395.6793,52.0
1607091395.6807,67.0
1607091395.6826,79.0
1607091395.6846,88.0
1607091395.6866,105.0
1607091395.6887,120.0
1607091395.6907,132.0
1607091396.1255,134.0
1607091396.1262,129.0
1607091396.1285,122.0
1607091396.1314,105.0
1607091396.1332,74.0
1607091396.1352,33.0
1607091396.1373,0.0
1607091396.1378,-26.0
1607091396.1392,-55.0
1607091396.1413,-76.0
1607091396.1432,-79.0
1607091396.1452,-79.0
1607091396.1472,-86.0
1607091396.1492,-88.0
1607091396.1512,-81.0
1607091396.1532,-81.0
1607091396.1552,-81.0
1607091396.1572,-76.0
1607091396.1592,-67.0
1607091396.1612,-60.0
1607091396.1632,-57.0
1607091396.1652,-52.0
1607091396.1672,-48.0
1607091396.1678,-40.0
1607091396.1692,-40.0
1607091396.1712,-43.0
1607091396.1732,-33.0
1607091396.1751,-28.0
1607091396.1771,-31.0
1607091396.1792,-28.0
1607091396.1812,-21.0
1607091396.1832,-19.0
1607091396.1852,-21.0
1607091396.1872,-19.0
1607091396.1892,-16.0
1607091396.1912,-16.0
1607091396.1932,-19.0
1607091396.1952,-16.0
1607091396.1972,-12.0
1607091396.1978,-14.0
1607091396.1992,-16.0
1607091396.2012,-9.0
1607091396.2031,-4.0
1607091396.2052,-4.0
1607091396.2071,-4.0
1607091396.2092,-4.0
1607091396.2112,-7.0
1607091396.2132,-4.0
1607091396.2152,-4.0
1607091396.2172,0.0
1607091396.2192,2.0
1607091396.2212,-2.0
1607091396.2232,-4.0
1607091396.2252,0.0
1607091396.2273,4.0
1607091396.2279,0.0
1607091396.2292,2.0
1607091396.2311,7.0
1607091396.2332,4.0
1607091396.2351,2.0
1607091396.2372,7.0
1607091396.2392,14.0
1607091396.2412,14.0
1607091396.2431,7.0
1607091396.2452,4.0
1607091396.2472,9.0
1607091396.2492,12.0
1607091396.2512,4.0
1607091396.2532,2.0
1607091396.2552,7.0
1607091396.2572,9.0
1607091396.2578,7.0
1607091396.2592,2.0
1607091396.6656,7.0
1607091396.6666,12.0
1607091396.669,9.0
1607091396.6717,7.0
1607091396.6736,14.0
1607091396.6757,14.0
1607091396.6777,7.0
1607091396.6796,7.0
1607091396.6817,14.0
1607091396.6836,7.0
1607091396.6856,-2.0
1607091396.6876,-2.0
1607091396.6896,4.0
1607091396.6916,4.0
1607091396.6922,4.0
1607091396.6936,7.0
1607091396.6956,7.0
1607091396.6977,2.0
1607091396.6996,0.0
1607091396.7017,4.0
1607091396.7036,16.0
1607091396.7055,33.0
1607091396.7075,45.0
1607091396.7095,40.0
1607091396.7115,31.0
1607091396.7135,21.0
1607091396.7156,12.0
1607091396.7176,4.0
1607091396.7195,7.0
1607091396.7216,9.0
1607091396.7221,7.0
1607091396.7235,9.0
1607091396.7257,12.0
1607091396.7276,7.0
1607091396.7295,-7.0
1607091396.7315,-2.0
1607091396.7335,110.0
1607091396.7355,384.0
1607091396.7375,704.0
1607091396.7395,745.0
1607091396.7416,295.0
1607091396.7436,-180.0
1607091396.7456,-141.0
1607091396.7475,36.0
1607091396.7495,-48.0
1607091396.7516,-103.0
1607091396.7521,-36.0
1607091396.7535,-36.0
1607091396.7555,-60.0
1607091396.7575,-40.0
1607091396.7595,-28.0
1607091396.7616,-38.0
1607091396.7635,-33.0
1607091396.7655,-24.0
1607091396.7675,-21.0
1607091396.7695,-16.0
1607091396.7716,-9.0
1607091396.7735,-4.0
1607091396.7755,0.0
1607091396.7775,2.0
1607091396.7795,2.0
1607091396.7815,7.0
1607091396.7821,16.0
1607091396.7835,24.0
1607091396.7855,31.0
1607091396.7875,38.0
1607091396.7895,52.0
1607091396.7916,64.0
1607091396.7935,69.0
1607091396.7955,81.0
1607091396.7975,96.0
1607091396.7995,108.0
1607091396.8016,120.0
1607091397.2059,132.0
1607091397.2066,141.0
1607091397.2083,141.0
1607091397.2107,129.0
1607091397.2127,110.0
1607091397.2147,81.0
1607091397.2167,45.0
1607091397.2187,7.0
1607091397.2207,-21.0
1607091397.2227,-40.0
1607091397.2249,-57.0
1607091397.2267,-64.0
1607091397.2287,-64.0
1607091397.2307,-67.0
1607091397.2327,-69.0
1607091397.2347,-67.0
1607091397.2366,-62.0
1607091397.2387,-57.0
1607091397.2393,-52.0
1607091397.2409,-50.0
1607091397.2427,-43.0
1607091397.2447,-36.0
1607091397.2467,-33.0
1607091397.2487,-33.0
1607091397.2507,-26.0
1607091397.2526,-21.0
1607091397.2546,-16.0
1607091397.2566,-14.0
1607091397.2586,-14.0
1607091397.2606,-16.0
1607091397.2626,-16.0
1607091397.2646,-9.0
1607091397.2666,-7.0
1607091397.2673,-9.0
1607091397.2686,-12.0
1607091397.2707,-9.0
1607091397.2726,-4.0
1607091397.2746,-4.0
1607091397.2766,-7.0
1607091397.2786,-4.0
1607091397.2807,0.0
1607091397.2826,2.0
1607091397.2846,0.0
1607091397.2866,0.0
1607091397.2886,2.0
1607091397.2907,4.0
1607091397.2927,4.0
1607091397.2946,4.0
1607091397.2966,7.0
1607091397.2973,12.0
1607091397.2986,12.0
1607091397.3007,7.0
1607091397.302,4.0
1607091397.3036,4.0
1607091397.3056,7.0
1607091397.3076,7.0
1607091397.3096,7.0
1607091397.3116,7.0
1607091397.3136,7.0
1607091397.3156,9.0
1607091397.3176,14.0
1607091397.3198,14.0
1607091397.3217,12.0
1607091397.3236,14.0
1607091397.3256,16.0
1607091397.3263,12.0
1607091397.3276,14.0
1607091397.3296,19.0
1607091397.3316,21.0
1607091397.3336,21.0
1607091397.3356,19.0
1607091397.3377,19.0
1607091397.3396,21.0
1607091397.7762,21.0
1607091397.7771,24.0
1607091397.7795,24.0
1607091397.7812,21.0
1607091397.7832,16.0
1607091397.7851,12.0
1607091397.7858,14.0
1607091397.7871,16.0
1607091397.7891,16.0
1607091397.7912,19.0
1607091397.7931,21.0
1607091397.7951,21.0
1607091397.7971,19.0
1607091397.7993,21.0
1607091397.8011,24.0
1607091397.8031,24.0
1607091397.8051,24.0
1607091397.8071,24.0
1607091397.8091,26.0
1607091397.8111,28.0
1607091397.8131,24.0
1607091397.8151,14.0
1607091397.8157,12.0
1607091397.8171,9.0
1607091397.8191,16.0
1607091397.8212,40.0
1607091397.8231,57.0
1607091397.8251,50.0
1607091397.8271,40.0
1607091397.8291,31.0
1607091397.831,21.0
1607091397.833,16.0
1607091397.8351,21.0
1607091397.8371,24.0
1607091397.839,19.0
1607091397.8411,14.0
1607091397.843,19.0
1607091397.845,24.0
1607091397.8457,14.0
1607091397.8472,9.0
1607091397.8491,113.0
1607091397.851,389.0
1607091397.853,716.0
1607091397.855,755.0
1607091397.857,283.0
1607091397.859,-214.0
1607091397.861,-158.0
1607091397.863,36.0
1607091397.865,-52.0
1607091397.867,-105.0
1607091397.869,-31.0
1607091397.871,-36.0
1607091397.873,-72.0
1607091397.875,-48.0
1607091397.8756,-33.0
1607091397.877,-33.0
1607091397.879,-26.0
1607091397.881,-19.0
1607091397.883,-21.0
1607091397.8851,-14.0
1607091397.887,-7.0
1607091397.889,-2.0
1607091397.8911,2.0
1607091397.893,9.0
1607091397.895,12.0
1607091397.8971,19.0
1607091397.8991,26.0
1607091397.9011,33.0
1607091397.903,40.0
1607091397.905,50.0
1607091397.9056,57.0
1607091397.907,67.0
1607091397.909,84.0
1607091398.3761,103.0
1607091398.3769,115.0
1607091398.3794,125.0
1607091398.3821,137.0
1607091398.384,146.0
1607091398.386,149.0
1607091398.3881,151.0
1607091398.39,149.0
1607091398.392,129.0
1607091398.3941,93.0
1607091398.396,52.0
1607091398.3967,16.0
1607091398.398,-16.0
1607091398.4,-40.0
1607091398.4019,-52.0
1607091398.4039,-62.0
1607091398.4059,-69.0
1607091398.4081,-72.0
1607091398.41,-67.0
1607091398.412,-62.0
1607091398.4139,-57.0
1607091398.4159,-57.0
1607091398.4179,-55.0
1607091398.4199,-50.0
1607091398.4219,-43.0
1607091398.4239,-38.0
1607091398.4259,-33.0
1607091398.4265,-28.0
1607091398.4279,-24.0
1607091398.4299,-21.0
1607091398.4319,-16.0
1607091398.4339,-14.0
1607091398.4359,-12.0
1607091398.4379,-12.0
1607091398.4399,-9.0
1607091398.4419,-4.0
1607091398.444,-7.0
1607091398.4459,-14.0
1607091398.4479,-16.0
1607091398.4499,-12.0
1607091398.4519,-9.0
1607091398.4539,-12.0
1607091398.4559,-9.0
1607091398.4565,-9.0
1607091398.4579,-12.0
1607091398.4599,-14.0
1607091398.4619,-9.0
1607091398.4639,-7.0
1607091398.4659,-9.0
1607091398.4679,-7.0
1607091398.4699,0.0
1607091398.4719,2.0
1607091398.4739,0.0
1607091398.4759,0.0
1607091398.4779,4.0
1607091398.4799,7.0
1607091398.4819,4.0
1607091398.4839,2.0
1607091398.4859,4.0
1607091398.4865,12.0
1607091398.4879,12.0
1607091398.4899,9.0
1607091398.4919,9.0
1607091398.4939,9.0
1607091398.4959,7.0
1607091398.4979,9.0
1607091398.4999,14.0
1607091398.5019,16.0
1607091398.504,16.0
1607091398.5059,19.0
1607091398.5079,21.0
1607091398.5099,21.0
1607091398.5119,19.0
1607091398.9161,21.0
1607091398.9169,21.0
1607091398.9193,16.0
1607091398.9222,14.0
1607091398.924,19.0
1607091398.926,21.0
1607091398.928,19.0
1607091398.93,19.0
1607091398.932,19.0
1607091398.934,16.0
1607091398.936,12.0
1607091398.938,9.0
1607091398.94,9.0
1607091398.942,12.0
1607091398.944,9.0
1607091398.9459,9.0
1607091398.9479,12.0
1607091398.9486,7.0
1607091398.9499,4.0
1607091398.9519,7.0
1607091398.9539,4.0
1607091398.9559,7.0
1607091398.9579,24.0
1607091398.9599,43.0
1607091398.9619,48.0
1607091398.9639,40.0
1607091398.9659,26.0
1607091398.9679,14.0
1607091398.9699,12.0
1607091398.9719,14.0
1607091398.9739,14.0
1607091398.9759,9.0
1607091398.9779,9.0
1607091398.9785,12.0
1607091398.9799,7.0
1607091398.9819,-7.0
1607091398.9839,-2.0
1607091398.9859,110.0
1607091398.9879,394.0
1607091398.9899,719.0
1607091398.9919,743.0
1607091398.994,259.0
1607091398.9959,-223.0
1607091398.9979,-153.0
1607091398.9999,31.0
1607091399.0019,-60.0
1607091399.0041,-105.0
1607091399.006,-33.0
1607091399.0079,-38.0
1607091399.0085,-64.0
1607091399.0099,-45.0
1607091399.0119,-33.0
1607091399.0139,-36.0
1607091399.0159,-26.0
1607091399.0179,-19.0
1607091399.0199,-19.0
1607091399.022,-12.0
1607091399.0239,-4.0
1607091399.0259,0.0
1607091399.0279,4.0
1607091399.0299,7.0
1607091399.0319,12.0
1607091399.0339,19.0
1607091399.0359,28.0
1607091399.0379,36.0
1607091399.0385,40.0
1607091399.0399,48.0
1607091399.0419,57.0
1607091399.044,64.0
1607091399.0459,74.0
1607091399.0479,88.0
1607091399.0499,108.0
1607091399.0519,125.0
1607091399.4862,132.0
1607091399.4871,139.0
1607091399.4896,149.0
1607091399.4923,153.0
1607091399.4942,146.0
1607091399.4961,125.0
1607091399.4968,88.0
1607091399.4982,43.0
1607091399.5003,4.0
1607091399.5021,-21.0
1607091399.5041,-38.0
1607091399.5061,-55.0
1607091399.5081,-67.0
1607091399.5101,-72.0
1607091399.5121,-69.0
1607091399.5141,-67.0
1607091399.5161,-64.0
1607091399.5181,-60.0
1607091399.5201,-60.0
1607091399.5221,-60.0
1607091399.5241,-55.0
1607091399.5261,-45.0
1607091399.5267,-38.0
1607091399.5281,-38.0
1607091399.5302,-40.0
1607091399.5321,-40.0
1607091399.534,-36.0
1607091399.5361,-31.0
1607091399.5381,-28.0
1607091399.5401,-26.0
1607091399.542,-21.0
1607091399.5441,-19.0
1607091399.5461,-16.0
1607091399.548,-14.0
1607091399.55,-12.0
1607091399.552,-14.0
1607091399.5541,-14.0
1607091399.556,-14.0
1607091399.5567,-12.0
1607091399.5581,-9.0
1607091399.56,-9.0
1607091399.562,-9.0
1607091399.564,-4.0
1607091399.566,-2.0
1607091399.568,-2.0
1607091399.5701,0.0
1607091399.572,0.0
1607091399.574,2.0
1607091399.576,2.0
1607091399.578,0.0
1607091399.58,4.0
1607091399.5821,7.0
1607091399.5841,7.0
1607091399.5861,7.0
1607091399.5867,7.0
1607091399.588,9.0
1607091399.59,12.0
1607091399.5921,12.0
1607091399.5941,7.0
1607091399.596,4.0
1607091399.5981,7.0
1607091399.6001,9.0
1607091399.602,9.0
1607091399.604,12.0
1607091399.6061,14.0
1607091399.608,14.0
1607091399.61,14.0
1607091399.6121,14.0
1607091399.614,14.0
1607091399.616,16.0
1607091399.6167,14.0
1607091399.6181,16.0
1607091399.6201,21.0
1607091400.056,19.0
1607091400.0566,16.0
1607091400.0582,19.0
1607091400.06,21.0
1607091400.062,16.0
1607091400.064,14.0
1607091400.066,16.0
1607091400.068,21.0
1607091400.07,14.0
1607091400.072,4.0
1607091400.074,7.0
1607091400.0746,9.0
1607091400.076,7.0
1607091400.078,7.0
1607091400.08,7.0
1607091400.0819,9.0
1607091400.0839,12.0
1607091400.086,7.0
1607091400.0879,0.0
1607091400.0899,-2.0
1607091400.092,-4.0
1607091400.0939,-4.0
1607091400.0959,2.0
1607091400.098,21.0
1607091400.1,38.0
1607091400.1019,40.0
1607091400.1039,33.0
1607091400.1045,24.0
1607091400.1059,9.0
1607091400.1079,-2.0
1607091400.1099,-2.0
1607091400.1119,0.0
1607091400.1139,0.0
1607091400.1159,2.0
1607091400.1179,7.0
1607091400.1199,2.0
1607091400.122,-12.0
1607091400.1239,-19.0
1607091400.1259,57.0
1607091400.128,303.0
1607091400.1299,639.0
1607091400.1319,779.0
1607091400.1339,430.0
1607091400.1346,-115.0
1607091400.1361,-202.0
1607091400.138,4.0
1607091400.14,-21.0
1607091400.1419,-105.0
1607091400.1439,-52.0
1607091400.1459,-36.0
1607091400.1479,-67.0
1607091400.1499,-50.0
1607091400.1519,-31.0
1607091400.1541,-38.0
1607091400.156,-36.0
1607091400.1579,-21.0
1607091400.16,-19.0
1607091400.1619,-16.0
1607091400.1639,-9.0
1607091400.1645,-2.0
1607091400.1659,-2.0
1607091400.1679,4.0
1607091400.1699,12.0
1607091400.172,19.0
1607091400.174,21.0
1607091400.176,28.0
1607091400.1779,33.0
1607091400.18,40.0
1607091400.1819,52.0
1607091400.1839,64.0
1607091400.1859,76.0
1607091400.1879,91.0
1607091400.1899,103.0
1607091400.5956,115.0
1607091400.5963,132.0
1607091400.5986,139.0
1607091400.6014,144.0
1607091400.6033,149.0
1607091400.6053,144.0
1607091400.6073,120.0
1607091400.6094,86.0
1607091400.6113,50.0
1607091400.6133,9.0
1607091400.6153,-33.0
1607091400.6174,-62.0
1607091400.6193,-72.0
1607091400.6214,-79.0
1607091400.6233,-86.0
1607091400.6253,-86.0
1607091400.6273,-86.0
1607091400.6279,-86.0
1607091400.6293,-79.0
1607091400.6313,-72.0
1607091400.6333,-67.0
1607091400.6353,-64.0
1607091400.6373,-60.0
1607091400.6393,-55.0
1607091400.6413,-48.0
1607091400.6433,-40.0
1607091400.6453,-38.0
1607091400.6473,-38.0
1607091400.6493,-36.0
1607091400.6513,-31.0
1607091400.6532,-28.0
1607091400.6554,-24.0
1607091400.6573,-21.0
1607091400.6579,-19.0
1607091400.6592,-19.0
1607091400.6613,-16.0
1607091400.6632,-16.0
1607091400.6652,-14.0
1607091400.6673,-14.0
1607091400.6693,-12.0
1607091400.6713,-14.0
1607091400.6733,-16.0
1607091400.6752,-16.0
1607091400.6772,-14.0
1607091400.6793,-14.0
1607091400.6812,-12.0
1607091400.6832,-9.0
1607091400.6853,-9.0
1607091400.6873,-7.0
1607091400.6879,-4.0
1607091400.6892,0.0
1607091400.6913,0.0
1607091400.6932,0.0
1607091400.6954,-2.0
1607091400.6973,2.0
1607091400.6993,4.0
1607091400.7013,4.0
1607091400.7033,4.0
1607091400.7052,7.0
1607091400.7073,9.0
1607091400.7092,7.0
1607091400.7112,7.0
1607091400.7132,9.0
1607091400.7153,12.0
1607091400.7173,9.0
1607091400.7179,7.0
1607091400.7193,9.0
1607091400.7213,14.0
1607091400.7233,14.0
1607091400.7252,9.0
1607091400.7273,12.0
1607091400.7292,14.0
1607091400.7312,9.0
1607091401.1356,4.0
1607091401.1363,7.0
1607091401.1387,7.0
1607091401.1414,0.0
1607091401.1433,0.0
1607091401.1439,0.0
1607091401.1453,-4.0
1607091401.1473,-9.0
1607091401.1493,-9.0
1607091401.1515,-9.0
1607091401.1533,-9.0
1607091401.1553,-9.0
1607091401.1573,-2.0
1607091401.1593,0.0
1607091401.1613,-2.0
1607091401.1633,-4.0
1607091401.1653,-4.0
1607091401.1673,-2.0
1607091401.1693,0.0
1607091401.1713,0.0
1607091401.1733,-2.0
1607091401.1739,0.0
1607091401.1753,-2.0
1607091401.1773,-4.0
1607091401.1793,-2.0
1607091401.1813,14.0
1607091401.1833,36.0
1607091401.1853,40.0
1607091401.1873,26.0
1607091401.1893,16.0
1607091401.1913,7.0
1607091401.1932,-4.0
1607091401.1953,-4.0
1607091401.1973,0.0
1607091401.1993,-7.0
1607091401.2013,-9.0
1607091401.2033,-2.0
1607091401.2116,0.0
1607091401.2133,-7.0
1607091401.2153,-24.0
1607091401.2173,9.0
1607091401.2193,187.0
1607091401.2213,512.0
1607091401.2233,771.0
1607091401.2253,610.0
1607091401.2273,45.0
1607091401.2293,-250.0
1607091401.2313,-62.0
1607091401.2333,16.0
1607091401.2353,-101.0
1607091401.2373,-86.0
1607091401.2393,-28.0
1607091401.2399,-57.0
1607091401.2412,-57.0
1607091401.2432,-31.0
1607091401.2453,-33.0
1607091401.2473,-33.0
1607091401.2493,-21.0
1607091401.2513,-19.0
1607091401.2533,-19.0
1607091401.2554,-12.0
1607091401.2573,-7.0
1607091401.2593,0.0
1607091401.2613,7.0
1607091401.2633,9.0
1607091401.2653,14.0
1607091401.2673,19.0
1607091401.2693,21.0
1607091401.2699,26.0
1607091401.2713,31.0
1607091401.2733,38.0
1607091401.2753,52.0
1607091401.2772,64.0
1607091401.736,76.0
1607091401.7369,91.0
1607091401.7393,105.0
1607091401.742,120.0
1607091401.744,129.0
1607091401.746,134.0
1607091401.748,137.0
1607091401.75,139.0
1607091401.752,129.0
1607091401.754,103.0
1607091401.756,69.0
1607091401.7566,33.0
1607091401.759,2.0
1607091401.7609,-24.0
1607091401.7629,-43.0
1607091401.7649,-57.0
1607091401.7669,-67.0
1607091401.7689,-69.0
1607091401.771,-67.0
1607091401.7729,-62.0
1607091401.7749,-60.0
1607091401.777,-62.0
1607091401.7789,-60.0
1607091401.7809,-57.0
1607091401.7829,-52.0
1607091401.7849,-45.0
1607091401.7869,-36.0
1607091401.7876,-33.0
1607091401.7889,-31.0
1607091401.7909,-26.0
1607091401.7929,-21.0
1607091401.7949,-21.0
1607091401.7969,-21.0
1607091401.7989,-14.0
1607091401.8009,-9.0
1607091401.8029,-12.0
1607091401.8049,-12.0
1607091401.8068,-7.0
1607091401.809,-7.0
1607091401.8109,-7.0
1607091401.8129,-9.0
1607091401.8149,-7.0
1607091401.8168,0.0
1607091401.8175,0.0
1607091401.8189,-7.0
1607091401.8209,-7.0
1607091401.8229,-2.0
1607091401.8249,0.0
1607091401.8269,0.0
1607091401.8289,2.0
1607091401.8309,7.0
1607091401.8329,7.0
1607091401.8349,7.0
1607091401.8369,4.0
1607091401.8389,0.0
1607091401.8409,0.0
1607091401.8429,2.0
1607091401.8449,2.0
1607091401.8469,4.0
1607091401.8489,4.0
1607091401.8509,7.0
1607091401.8529,4.0
1607091401.8549,2.0
1607091401.8569,0.0
1607091401.8589,0.0
1607091401.8609,4.0
1607091401.8629,7.0
1607091401.8649,4.0
1607091401.8669,4.0
1607091401.8689,7.0
1607091401.8709,9.0
1607091401.8729,9.0
1607091401.8749,12.0
1607091402.2762,14.0
1607091402.277,12.0
1607091402.2794,7.0
1607091402.2821,9.0
1607091402.284,16.0
1607091402.286,16.0
1607091402.2881,12.0
1607091402.29,14.0
1607091402.292,14.0
1607091402.294,9.0
1607091402.296,0.0
1607091402.2981,0.0
1607091402.3,4.0
1607091402.302,2.0
1607091402.304,-2.0
1607091402.306,2.0
1607091402.3082,7.0
1607091402.31,4.0
1607091402.312,4.0
1607091402.314,7.0
1607091402.316,7.0
1607091402.318,2.0
1607091402.32,0.0
1607091402.322,2.0
1607091402.324,4.0
1607091402.326,16.0
1607091402.328,38.0
1607091402.33,48.0
1607091402.332,40.0
1607091402.334,28.0
1607091402.336,19.0
1607091402.338,9.0
1607091402.34,4.0
1607091402.342,4.0
1607091402.344,4.0
1607091402.346,4.0
1607091402.348,4.0
1607091402.35,0.0
1607091402.352,-9.0
1607091402.354,-12.0
1607091402.356,57.0
1607091402.358,295.0
1607091402.36,644.0
1607091402.362,798.0
1607091402.364,430.0
1607091402.366,-153.0
1607091402.368,-240.0
1607091402.37,0.0
1607091402.372,-24.0
1607091402.374,-122.0
1607091402.376,-60.0
1607091402.378,-33.0
1607091402.38,-69.0
1607091402.382,-55.0
1607091402.384,-33.0
1607091402.386,-45.0
1607091402.388,-48.0
1607091402.39,-33.0
1607091402.392,-26.0
1607091402.394,-26.0
1607091402.396,-16.0
1607091402.398,-12.0
1607091402.4,-9.0
1607091402.402,-2.0
1607091402.404,4.0
1607091402.406,7.0
1607091402.408,14.0
1607091402.4101,24.0
1607091402.412,28.0
1607091402.414,33.0
1607091402.416,45.0
1607091402.418,60.0
1607091402.42,72.0
1607091402.8464,86.0
1607091402.8473,101.0
1607091402.8498,117.0
1607091402.8525,134.0
1607091402.8544,144.0
1607091402.8564,153.0
1607091402.8584,153.0
1607091402.8604,141.0
1607091402.8623,117.0
1607091402.8643,91.0
1607091402.8663,55.0
1607091402.8683,16.0
1607091402.8703,-16.0
1607091402.8723,-38.0
1607091402.8743,-55.0
1607091402.8763,-69.0
1607091402.8783,-74.0
1607091402.8804,-72.0
1607091402.8823,-72.0
1607091402.8843,-72.0
1607091402.8863,-67.0
1607091402.8883,-64.0
1607091402.8903,-64.0
1607091402.8923,-57.0
1607091402.8944,-48.0
1607091402.8963,-45.0
1607091402.8983,-43.0
1607091402.9003,-36.0
1607091402.9023,-31.0
1607091402.9043,-28.0
1607091402.9063,-24.0
1607091402.9083,-19.0
1607091402.9103,-16.0
1607091402.9123,-14.0
1607091402.9143,-12.0
1607091402.9163,-9.0
1607091402.9183,-12.0
1607091402.9203,-14.0
1607091402.9223,-12.0
1607091402.9243,-9.0
1607091402.9263,-9.0
1607091402.9283,-7.0
1607091402.9303,-12.0
1607091402.9323,-12.0
1607091402.9343,-9.0
1607091402.9365,-4.0
1607091402.9383,-2.0
1607091402.9403,-4.0
1607091402.9423,-9.0
1607091402.9443,-14.0
1607091402.9463,-12.0
1607091402.9483,-9.0
1607091402.9503,-7.0
1607091402.9523,0.0
1607091402.9543,0.0
1607091402.9563,-2.0
1607091402.9583,0.0
1607091402.9603,2.0
1607091402.9623,2.0
1607091402.9643,4.0
1607091402.9663,7.0
1607091402.9683,4.0
1607091402.9703,7.0
1607091402.9723,12.0
1607091402.9743,9.0
1607091402.9763,7.0
1607091402.9783,9.0
1607091402.9803,12.0
1607091402.9823,7.0
1607091402.9843,4.0
1607091402.9863,7.0
1607091402.9883,7.0
1607091402.9903,4.0
1607091403.3862,7.0
1607091403.3869,12.0
1607091403.3893,14.0
1607091403.392,12.0
1607091403.3939,9.0
1607091403.3959,9.0
1607091403.398,12.0
1607091403.3999,12.0
1607091403.402,4.0
1607091403.4039,-2.0
1607091403.4059,-2.0
1607091403.4079,0.0
1607091403.4099,0.0
1607091403.4119,-2.0
1607091403.4139,0.0
1607091403.4159,2.0
1607091403.4179,2.0
1607091403.4199,4.0
1607091403.4219,4.0
1607091403.4239,4.0
1607091403.4259,9.0
1607091403.4279,12.0
1607091403.4299,9.0
1607091403.432,7.0
1607091403.434,2.0
1607091403.4359,4.0
1607091403.4379,7.0
1607091403.4399,2.0
1607091403.4419,0.0
1607091403.4439,14.0
1607091403.4459,36.0
1607091403.4479,36.0
1607091403.4499,26.0
1607091403.4519,19.0
1607091403.4539,9.0
1607091403.456,2.0
1607091403.4579,0.0
1607091403.4599,4.0
1607091403.4619,4.0
1607091403.4639,0.0
1607091403.4659,-4.0
1607091403.4679,-7.0
1607091403.47,-16.0
1607091403.4719,-24.0
1607091403.4739,28.0
1607091403.4759,245.0
1607091403.4779,584.0
1607091403.4799,795.0
1607091403.4819,536.0
1607091403.4839,-40.0
1607091403.4859,-230.0
1607091403.4878,-19.0
1607091403.4899,0.0
1607091403.4919,-113.0
1607091403.4939,-74.0
1607091403.4959,-36.0
1607091403.4979,-62.0
1607091403.4986,-52.0
1607091403.4999,-31.0
1607091403.5019,-40.0
1607091403.5039,-40.0
1607091403.5059,-24.0
1607091403.5079,-19.0
1607091403.5099,-16.0
1607091403.5119,-12.0
1607091403.5139,-4.0
1607091403.5159,0.0
1607091403.5179,7.0
1607091403.5199,9.0
1607091403.5219,14.0
1607091403.5239,21.0
1607091403.5259,26.0
1607091403.5279,33.0
1607091403.9562,45.0
1607091403.9571,55.0
1607091403.9593,62.0
1607091403.962,72.0
1607091403.964,86.0
1607091403.9659,98.0
1607091403.968,105.0
1607091403.9699,117.0
1607091403.972,132.0
1607091403.9739,141.0
1607091403.9759,146.0
1607091403.9779,144.0
1607091403.9799,129.0
1607091403.9819,105.0
1607091403.9839,74.0
1607091403.9846,40.0
1607091403.9859,9.0
1607091403.988,-19.0
1607091403.9899,-43.0
1607091403.9919,-57.0
1607091403.9939,-62.0
1607091403.9959,-64.0
1607091403.9979,-67.0
1607091403.9999,-62.0
1607091404.002,-60.0
1607091404.0039,-55.0
1607091404.0059,-50.0
1607091404.0079,-48.0
1607091404.0099,-50.0
1607091404.0119,-48.0
1607091404.0139,-38.0
1607091404.0145,-31.0
1607091404.0159,-28.0
1607091404.0179,-28.0
1607091404.0199,-31.0
1607091404.0219,-24.0
1607091404.0239,-16.0
1607091404.0259,-14.0
1607091404.0279,-14.0
1607091404.0299,-12.0
1607091404.0319,-12.0
1607091404.0339,-14.0
1607091404.0359,-12.0
1607091404.0379,-9.0
1607091404.0399,-9.0
1607091404.0419,-12.0
1607091404.0439,-9.0
1607091404.0446,-9.0
1607091404.0459,-9.0
1607091404.0479,-7.0
1607091404.0499,-4.0
1607091404.0519,-4.0
1607091404.054,-4.0
1607091404.0559,-4.0
1607091404.0579,-2.0
1607091404.0599,-2.0
1607091404.0619,-2.0
1607091404.0639,2.0
1607091404.0659,2.0
1607091404.0679,0.0
1607091404.0699,0.0
1607091404.0719,2.0
1607091404.0739,4.0
1607091404.0746,7.0
1607091404.0759,7.0
1607091404.0779,4.0
1607091404.0799,7.0
1607091404.0819,9.0
1607091404.0839,12.0
1607091404.0859,12.0
1607091404.088,9.0
1607091404.0899,7.0
1607091404.0919,9.0
1607091404.4964,14.0
1607091404.4973,16.0
1607091404.4997,14.0
1607091404.5024,12.0
1607091404.5031,12.0
1607091404.5044,14.0
1607091404.5064,12.0
1607091404.5084,4.0
1607091404.5104,2.0
1607091404.5123,2.0
1607091404.5143,-2.0
1607091404.5163,-4.0
1607091404.5183,0.0
1607091404.5204,2.0
1607091404.5223,0.0
1607091404.5243,0.0
1607091404.5263,0.0
1607091404.5283,0.0
1607091404.5303,0.0
1607091404.5323,4.0
1607091404.5329,7.0
1607091404.5343,7.0
1607091404.5364,7.0
1607091404.5383,12.0
1607091404.5403,9.0
1607091404.5423,4.0
1607091404.5443,4.0
1607091404.5463,7.0
1607091404.5483,4.0
1607091404.5503,4.0
1607091404.5524,0.0
1607091404.5543,0.0
1607091404.5563,4.0
1607091404.5583,2.0
1607091404.5603,-4.0
1607091404.5623,-9.0
1607091404.5629,-7.0
1607091404.5643,-2.0
1607091404.5663,12.0
1607091404.5683,33.0
1607091404.5703,38.0
1607091404.5723,31.0
1607091404.5743,24.0
1607091404.5763,14.0
1607091404.5783,4.0
1607091404.5803,0.0
1607091404.5823,2.0
1607091404.5843,7.0
1607091404.5863,9.0
1607091404.5883,9.0
1607091404.5903,7.0
1607091404.5923,2.0
1607091404.5929,-12.0
1607091404.5943,19.0
1607091404.5963,192.0
1607091404.5983,512.0
1607091404.6003,779.0
1607091404.6023,644.0
1607091404.6043,93.0
1607091404.6063,-221.0
1607091404.6083,-52.0
1607091404.6103,28.0
1607091404.6123,-86.0
1607091404.6143,-79.0
1607091404.6164,-24.0
1607091404.6183,-48.0
1607091404.6203,-55.0
1607091404.6223,-31.0
1607091404.623,-28.0
1607091404.6243,-31.0
1607091404.6263,-21.0
1607091404.6283,-14.0
1607091404.6303,-12.0
1607091405.0963,-4.0
1607091405.0971,0.0
1607091405.0996,2.0
1607091405.1023,4.0
1607091405.1043,2.0
1607091405.1062,2.0
1607091405.1083,16.0
1607091405.1103,26.0
1607091405.1124,26.0
1607091405.1129,31.0
1607091405.1142,43.0
1607091405.1163,57.0
1607091405.1182,72.0
1607091405.1202,84.0
1607091405.1222,96.0
1607091405.1241,113.0
1607091405.1261,125.0
1607091405.1281,137.0
1607091405.1301,146.0
1607091405.1321,151.0
1607091405.1341,144.0
1607091405.1361,132.0
1607091405.1381,115.0
1607091405.1401,88.0
1607091405.1421,50.0
1607091405.1428,19.0
1607091405.1441,-7.0
1607091405.1461,-33.0
1607091405.1481,-50.0
1607091405.1501,-52.0
1607091405.1521,-52.0
1607091405.1542,-60.0
1607091405.1562,-62.0
1607091405.1581,-57.0
1607091405.1601,-52.0
1607091405.1621,-55.0
1607091405.1641,-50.0
1607091405.1661,-43.0
1607091405.1682,-38.0
1607091405.1701,-38.0
1607091405.1721,-33.0
1607091405.1728,-28.0
1607091405.1741,-24.0
1607091405.1761,-16.0
1607091405.1781,-12.0
1607091405.1801,-9.0
1607091405.1821,-7.0
1607091405.1841,-2.0
1607091405.1861,0.0
1607091405.1881,-2.0
1607091405.1901,-4.0
1607091405.1923,-4.0
1607091405.1941,0.0
1607091405.1961,2.0
1607091405.1981,-2.0
1607091405.2002,0.0
1607091405.2021,2.0
1607091405.2028,4.0
1607091405.2041,4.0
1607091405.2063,7.0
1607091405.2082,7.0
1607091405.2101,9.0
1607091405.2121,9.0
1607091405.2141,7.0
1607091405.2161,4.0
1607091405.2181,7.0
1607091405.2203,4.0
1607091405.2221,4.0
1607091405.2241,9.0
1607091405.2261,9.0
1607091405.2281,7.0
1607091405.2302,9.0
1607091405.2308,14.0
1607091405.6661,16.0
1607091405.667,14.0
1607091405.6694,12.0
1607091405.6721,12.0
1607091405.6742,12.0
1607091405.676,12.0
1607091405.6781,16.0
1607091405.68,21.0
1607091405.682,16.0
1607091405.684,4.0
1607091405.686,-2.0
1607091405.688,0.0
1607091405.69,0.0
1607091405.692,-2.0
1607091405.6927,0.0
1607091405.694,2.0
1607091405.696,0.0
1607091405.698,-2.0
1607091405.7,4.0
1607091405.702,9.0
1607091405.704,7.0
1607091405.706,7.0
1607091405.708,9.0
1607091405.71,12.0
1607091405.712,4.0
1607091405.714,4.0
1607091405.7159,9.0
1607091405.718,14.0
1607091405.72,12.0
1607091405.722,12.0
1607091405.7226,14.0
1607091405.724,12.0
1607091405.726,9.0
1607091405.7281,12.0
1607091405.73,14.0
1607091405.732,14.0
1607091405.734,16.0
1607091405.7361,14.0
1607091405.738,7.0
1607091405.74,4.0
1607091405.742,9.0
1607091405.744,9.0
1607091405.746,7.0
1607091405.748,4.0
1607091405.75,2.0
1607091405.752,19.0
1607091405.7526,45.0
1607091405.754,52.0
1607091405.756,43.0
1607091405.758,38.0
1607091405.76,26.0
1607091405.762,14.0
1607091405.764,14.0
1607091405.766,14.0
1607091405.768,16.0
1607091405.77,21.0
1607091405.772,16.0
1607091405.774,16.0
1607091405.776,16.0
1607091405.778,4.0
1607091405.78,45.0
1607091405.782,250.0
1607091405.7826,593.0
1607091405.784,820.0
1607091405.786,560.0
1607091405.788,-38.0
1607091405.79,-242.0
1607091405.792,-14.0
1607091405.794,28.0
1607091405.796,-84.0
1607091405.798,-50.0
1607091405.8,-9.0
1607091405.802,-40.0
1607091406.2063,-36.0
1607091406.2069,-12.0
1607091406.2093,-19.0
1607091406.2106,-16.0
1607091406.212,-7.0
1607091406.214,-9.0
1607091406.216,-7.0
1607091406.2181,2.0
1607091406.22,7.0
1607091406.222,9.0
1607091406.224,9.0
1607091406.226,9.0
1607091406.2281,19.0
1607091406.23,26.0
1607091406.2319,28.0
1607091406.2341,33.0
1607091406.236,48.0
1607091406.2379,60.0
1607091406.2399,67.0
1607091406.2406,76.0
1607091406.2419,93.0
1607091406.2439,110.0
1607091406.2459,127.0
1607091406.2479,144.0
1607091406.2499,153.0
1607091406.252,163.0
1607091406.2539,170.0
1607091406.2559,170.0
1607091406.2579,156.0
1607091406.26,127.0
1607091406.2619,88.0
1607091406.264,52.0
1607091406.2659,16.0
1607091406.2681,-14.0
1607091406.2699,-36.0
1607091406.2706,-45.0
1607091406.2719,-50.0
1607091406.2739,-57.0
1607091406.2759,-62.0
1607091406.278,-57.0
1607091406.2799,-50.0
1607091406.2819,-45.0
1607091406.2839,-50.0
1607091406.2859,-50.0
1607091406.2879,-40.0
1607091406.2899,-33.0
1607091406.292,-31.0
1607091406.2939,-28.0
1607091406.2959,-28.0
1607091406.2979,-26.0
1607091406.2999,-19.0
1607091406.3006,-14.0
1607091406.302,-14.0
1607091406.3039,-12.0
1607091406.3059,-7.0
1607091406.3079,-7.0
1607091406.3099,-9.0
1607091406.312,-9.0
1607091406.3139,-7.0
1607091406.3159,-2.0
1607091406.3179,-2.0
1607091406.3199,-7.0
1607091406.322,-7.0
1607091406.3239,-2.0
1607091406.3259,-2.0
1607091406.328,-4.0
1607091406.3301,-2.0
1607091406.3307,2.0
1607091406.3319,4.0
1607091406.3339,4.0
1607091406.3359,2.0
1607091406.3379,-2.0
1607091406.3399,-4.0
1607091406.7766,-2.0
1607091406.7776,0.0
1607091406.78,2.0
1607091406.7827,2.0
1607091406.7847,4.0
1607091406.7867,4.0
1607091406.7887,0.0
1607091406.7907,-4.0
1607091406.7926,-7.0
1607091406.7947,-4.0
1607091406.7954,-4.0
1607091406.7967,-7.0
1607091406.7986,-7.0
1607091406.8007,-7.0
1607091406.8026,-4.0
1607091406.8046,0.0
1607091406.8066,0.0
1607091406.8086,0.0
1607091406.8106,-2.0
1607091406.8126,0.0
1607091406.8146,4.0
1607091406.8166,9.0
1607091406.8186,7.0
1607091406.8206,2.0
1607091406.8225,4.0
1607091406.8245,9.0
1607091406.8252,14.0
1607091406.8265,12.0
1607091406.8285,9.0
1607091406.8306,12.0
1607091406.8325,14.0
1607091406.8345,9.0
1607091406.8365,7.0
1607091406.8385,7.0
1607091406.8406,9.0
1607091406.8425,9.0
1607091406.8445,4.0
1607091406.8465,4.0
1607091406.8485,4.0
1607091406.8507,4.0
1607091406.8525,7.0
1607091406.8545,9.0
1607091406.8553,4.0
1607091406.8566,2.0
1607091406.8587,7.0
1607091406.8606,7.0
1607091406.8626,0.0
1607091406.8645,-4.0
1607091406.8665,7.0
1607091406.8685,28.0
1607091406.8706,43.0
1607091406.8725,38.0
1607091406.8745,31.0
1607091406.8765,21.0
1607091406.8785,9.0
1607091406.8806,7.0
1607091406.8825,12.0
1607091406.8846,14.0
1607091406.8852,9.0
1607091406.8865,7.0
1607091406.8885,12.0
1607091406.8906,9.0
1607091406.8925,-7.0
1607091406.8945,2.0
1607091406.8965,141.0
1607091406.8985,454.0
1607091406.9006,762.0
1607091406.9025,711.0
1607091406.9045,192.0
1607091406.9066,-223.0
1607091406.9086,-108.0
1607091406.9106,28.0
1607091406.9126,-79.0
1607091407.3164,-101.0
1607091407.3171,-36.0
1607091407.3195,-50.0
1607091407.3222,-64.0
1607091407.3242,-38.0
1607091407.3262,-33.0
1607091407.3282,-40.0
1607091407.3302,-26.0
1607091407.3322,-21.0
1607091407.3341,-31.0
1607091407.3362,-24.0
1607091407.3382,-12.0
1607091407.3402,-9.0
1607091407.3421,-7.0
1607091407.3428,2.0
1607091407.3443,7.0
1607091407.3461,9.0
1607091407.3481,16.0
1607091407.3501,26.0
1607091407.3521,36.0
1607091407.3541,43.0
1607091407.3561,52.0
1607091407.3583,62.0
1607091407.3603,76.0
1607091407.3621,91.0
1607091407.3641,108.0
1607091407.3661,125.0
1607091407.3681,137.0
1607091407.3701,144.0
1607091407.3708,149.0
1607091407.3721,149.0
1607091407.3741,144.0
1607091407.3762,127.0
1607091407.3782,96.0
1607091407.3801,57.0
1607091407.3821,24.0
1607091407.3841,-7.0
1607091407.3861,-31.0
1607091407.3881,-45.0
1607091407.3901,-55.0
1607091407.3922,-60.0
1607091407.3941,-62.0
1607091407.3961,-60.0
1607091407.3981,-60.0
1607091407.4001,-64.0
1607091407.4008,-57.0
1607091407.4021,-52.0
1607091407.4041,-50.0
1607091407.4061,-45.0
1607091407.4081,-38.0
1607091407.4101,-36.0
1607091407.4121,-33.0
1607091407.4141,-28.0
1607091407.4161,-26.0
1607091407.4181,-24.0
1607091407.4201,-19.0
1607091407.4222,-19.0
1607091407.4241,-24.0
1607091407.4261,-26.0
1607091407.4282,-24.0
1607091407.4301,-21.0
1607091407.4308,-21.0
1607091407.4321,-24.0
1607091407.4341,-24.0
1607091407.4361,-21.0
1607091407.4381,-19.0
1607091407.4401,-19.0
1607091407.4422,-19.0
1607091407.4442,-16.0
1607091407.4461,-14.0
1607091407.4482,-12.0
1607091407.4501,-14.0
1607091407.4522,-14.0
1607091407.857,-12.0
1607091407.858,-9.0
1607091407.8605,-9.0
1607091407.8631,-7.0
1607091407.8638,-4.0
1607091407.8651,-7.0
1607091407.8671,-14.0
1607091407.8692,-14.0
1607091407.8711,-9.0
1607091407.873,-12.0
1607091407.875,-14.0
1607091407.8771,-9.0
1607091407.879,-7.0
1607091407.8811,-7.0
1607091407.883,-7.0
1607091407.885,-7.0
1607091407.887,-9.0
1607091407.889,-7.0
1607091407.891,-4.0
1607091407.893,-2.0
1607091407.8936,-4.0
1607091407.8951,-9.0
1607091407.897,-7.0
1607091407.899,-2.0
1607091407.901,0.0
1607091407.903,-2.0
1607091407.905,-4.0
1607091407.907,-2.0
1607091407.909,-2.0
1607091407.911,0.0
1607091407.913,0.0
1607091407.915,0.0
1607091407.917,0.0
1607091407.919,2.0
1607091407.921,4.0
1607091407.923,2.0
1607091407.9237,2.0
1607091407.925,2.0
1607091407.927,4.0
1607091407.929,2.0
1607091407.931,-2.0
1607091407.933,-2.0
1607091407.935,2.0
1607091407.937,2.0
1607091407.939,0.0
1607091407.941,0.0
1607091407.943,0.0
1607091407.945,2.0
1607091407.947,7.0
1607091407.949,4.0
1607091407.951,-2.0
1607091407.9531,-2.0
1607091407.9538,-2.0
1607091407.955,-9.0
1607091407.957,-9.0
1607091407.959,-4.0
1607091407.961,2.0
1607091407.963,19.0
1607091407.965,33.0
1607091407.967,33.0
1607091407.969,26.0
1607091407.971,16.0
1607091407.973,7.0
1607091407.975,4.0
1607091407.977,4.0
1607091407.979,4.0
1607091407.981,7.0
1607091407.983,7.0
1607091407.9836,4.0
1607091407.985,2.0
1607091407.987,-4.0
1607091407.989,-2.0
1607091407.991,101.0
1607091408.4566,372.0
1607091408.4574,702.0
1607091408.4598,771.0
1607091408.4626,331.0
1607091408.4645,-180.0
1607091408.4665,-165.0
1607091408.4686,24.0
1607091408.4705,-55.0
1607091408.4724,-113.0
1607091408.4731,-40.0
1607091408.4745,-40.0
1607091408.4764,-72.0
1607091408.4785,-50.0
1607091408.4805,-33.0
1607091408.4824,-40.0
1607091408.4844,-38.0
1607091408.4864,-24.0
1607091408.4884,-21.0
1607091408.4904,-19.0
1607091408.4924,-7.0
1607091408.4945,0.0
1607091408.4964,2.0
1607091408.4984,4.0
1607091408.5004,9.0
1607091408.5024,14.0
1607091408.5031,26.0
1607091408.5044,31.0
1607091408.5064,31.0
1607091408.5084,43.0
1607091408.5088,57.0
1607091408.5097,69.0
1607091408.5114,81.0
1607091408.5134,96.0
1607091408.5154,110.0
1607091408.5174,122.0
1607091408.5194,137.0
1607091408.5214,149.0
1607091408.5234,158.0
1607091408.5254,161.0
1607091408.5274,153.0
1607091408.5294,139.0
1607091408.53,113.0
1607091408.5314,74.0
1607091408.5334,31.0
1607091408.5354,-2.0
1607091408.5374,-24.0
1607091408.5394,-45.0
1607091408.5414,-60.0
1607091408.5434,-60.0
1607091408.5454,-60.0
1607091408.5474,-64.0
1607091408.5494,-67.0
1607091408.5514,-60.0
1607091408.5534,-50.0
1607091408.5554,-52.0
1607091408.5574,-50.0
1607091408.5594,-40.0
1607091408.56,-36.0
1607091408.5614,-38.0
1607091408.5634,-31.0
1607091408.5654,-26.0
1607091408.5674,-24.0
1607091408.5694,-19.0
1607091408.5714,-14.0
1607091408.5734,-12.0
1607091408.5754,-12.0
1607091408.5774,-12.0
1607091408.5794,-9.0
1607091408.5814,-7.0
1607091408.5834,-7.0
1607091408.5854,-4.0
1607091408.5874,0.0
1607091408.5894,0.0
1607091409.0566,-2.0
1607091409.0575,0.0
1607091409.0589,0.0
1607091409.0609,-4.0
1607091409.0629,-4.0
1607091409.0649,-2.0
1607091409.0669,0.0
1607091409.0691,0.0
1607091409.071,-7.0
1607091409.0729,-12.0
1607091409.0749,-7.0
1607091409.0769,-2.0
1607091409.0789,-2.0
1607091409.0796,0.0
1607091409.0809,4.0
1607091409.0828,7.0
1607091409.0848,2.0
1607091409.0868,2.0
1607091409.0888,4.0
1607091409.0909,4.0
1607091409.0928,4.0
1607091409.0948,9.0
1607091409.0968,9.0
1607091409.0988,7.0
1607091409.1009,4.0
1607091409.1029,9.0
1607091409.1048,9.0
1607091409.1068,9.0
1607091409.1088,9.0
1607091409.1094,9.0
1607091409.1108,9.0
1607091409.1128,12.0
1607091409.1148,14.0
1607091409.1168,12.0
1607091409.1188,7.0
1607091409.1208,4.0
1607091409.1228,4.0
1607091409.1248,4.0
1607091409.1268,2.0
1607091409.1288,2.0
1607091409.1308,7.0
1607091409.1328,9.0
1607091409.1348,9.0
1607091409.1368,4.0
1607091409.1388,4.0
1607091409.1394,7.0
1607091409.1408,9.0
1607091409.1428,9.0
1607091409.1448,7.0
1607091409.1468,7.0
1607091409.1488,9.0
1607091409.1508,4.0
1607091409.1528,2.0
1607091409.1548,4.0
1607091409.1568,4.0
1607091409.1588,2.0
1607091409.1608,4.0
1607091409.1628,4.0
1607091409.1649,0.0
1607091409.1668,-2.0
1607091409.1688,2.0
1607091409.1694,16.0
1607091409.1709,33.0
1607091409.1728,43.0
1607091409.1748,38.0
1607091409.1768,33.0
1607091409.1788,24.0
1607091409.1808,7.0
1607091409.1828,0.0
1607091409.1848,4.0
1607091409.1868,9.0
1607091409.1889,9.0
1607091409.1908,12.0
1607091409.5661,14.0
1607091409.5668,2.0
1607091409.5692,-12.0
1607091409.5719,36.0
1607091409.5725,245.0
1607091409.5738,586.0
1607091409.5758,812.0
1607091409.578,567.0
1607091409.5798,-31.0
1607091409.5819,-259.0
1607091409.5838,-43.0
1607091409.5858,4.0
1607091409.5878,-113.0
1607091409.5898,-86.0
1607091409.5918,-45.0
1607091409.5938,-74.0
1607091409.5958,-67.0
1607091409.5979,-45.0
1607091409.5998,-50.0
1607091409.6019,-48.0
1607091409.6024,-33.0
1607091409.6038,-26.0
1607091409.6058,-24.0
1607091409.6078,-16.0
1607091409.6098,-9.0
1607091409.6118,-4.0
1607091409.6138,-2.0
1607091409.6158,0.0
1607091409.6178,2.0
1607091409.6198,4.0
1607091409.6218,12.0
1607091409.6238,21.0
1607091409.6258,28.0
1607091409.6278,40.0
1607091409.6298,55.0
1607091409.6318,69.0
1607091409.6326,81.0
1607091409.6338,96.0
1607091409.6358,113.0
1607091409.6378,129.0
1607091409.6398,139.0
1607091409.6418,149.0
1607091409.6438,156.0
1607091409.6458,156.0
1607091409.6478,144.0
1607091409.6498,120.0
1607091409.6518,84.0
1607091409.6538,48.0
1607091409.6558,12.0
1607091409.6578,-19.0
1607091409.6598,-40.0
1607091409.6618,-52.0
1607091409.6624,-57.0
1607091409.6638,-62.0
1607091409.6658,-67.0
1607091409.6678,-69.0
1607091409.6698,-67.0
1607091409.6718,-62.0
1607091409.6738,-62.0
1607091409.6758,-57.0
1607091409.6778,-50.0
1607091409.6798,-50.0
1607091409.6818,-48.0
1607091409.6838,-43.0
1607091409.6858,-36.0
1607091409.6878,-28.0
1607091409.6898,-26.0
1607091409.6918,-26.0
1607091409.6924,-26.0
1607091409.6938,-24.0
1607091409.6958,-14.0
1607091409.6978,-9.0
1607091409.6998,-14.0
1607091410.1966,-19.0
1607091410.1974,-14.0
1607091410.1991,-12.0
1607091410.201,-12.0
1607091410.203,-12.0
1607091410.205,-12.0
1607091410.2059,-19.0
1607091410.207,-24.0
1607091410.2091,-21.0
1607091410.211,-16.0
1607091410.213,-16.0
1607091410.215,-16.0
1607091410.217,-14.0
1607091410.219,-12.0
1607091410.2212,-9.0
1607091410.223,-7.0
1607091410.225,-12.0
1607091410.227,-14.0
1607091410.229,-14.0
1607091410.231,-12.0
1607091410.233,-12.0
1607091410.235,-12.0
1607091410.2356,-12.0
1607091410.237,-12.0
1607091410.239,-12.0
1607091410.241,-9.0
1607091410.243,-4.0
1607091410.245,-2.0
1607091410.2469,0.0
1607091410.249,-2.0
1607091410.251,-7.0
1607091410.2529,-7.0
1607091410.255,-2.0
1607091410.257,-4.0
1607091410.259,-4.0
1607091410.2609,-2.0
1607091410.2629,0.0
1607091410.2649,0.0
1607091410.2656,2.0
1607091410.2669,4.0
1607091410.2689,4.0
1607091410.271,7.0
1607091410.2729,7.0
1607091410.2749,7.0
1607091410.2769,9.0
1607091410.2789,9.0
1607091410.281,9.0
1607091410.2829,9.0
1607091410.2849,7.0
1607091410.287,7.0
1607091410.2889,4.0
1607091410.291,7.0
1607091410.2929,7.0
1607091410.295,4.0
1607091410.2955,2.0
1607091410.2969,2.0
1607091410.2989,4.0
1607091410.301,4.0
1607091410.3031,4.0
1607091410.305,4.0
1607091410.3069,7.0
1607091410.3089,4.0
1607091410.3109,2.0
1607091410.3129,4.0
1607091410.3149,7.0
1607091410.3171,2.0
1607091410.319,-4.0
1607091410.321,-2.0
1607091410.3229,2.0
1607091410.3249,14.0
1607091410.3255,36.0
1607091410.3269,45.0
1607091410.3289,40.0
1607091410.7067,31.0
1607091410.7076,19.0
1607091410.7101,12.0
1607091410.7118,14.0
1607091410.7138,12.0
1607091410.7157,12.0
1607091410.7177,14.0
1607091410.7197,14.0
1607091410.7217,12.0
1607091410.7237,4.0
1607091410.7257,-12.0
1607091410.7277,31.0
1607091410.7297,235.0
1607091410.7303,567.0
1607091410.7317,798.0
1607091410.7337,577.0
1607091410.7357,0.0
1607091410.7377,-235.0
1607091410.7397,-33.0
1607091410.7417,7.0
1607091410.7436,-110.0
1607091410.7456,-76.0
1607091410.7476,-31.0
1607091410.7496,-67.0
1607091410.7517,-67.0
1607091410.7536,-36.0
1607091410.7556,-36.0
1607091410.7576,-38.0
1607091410.7596,-31.0
1607091410.7602,-21.0
1607091410.7616,-14.0
1607091410.7636,-9.0
1607091410.7656,-4.0
1607091410.7676,0.0
1607091410.7696,4.0
1607091410.7717,9.0
1607091410.7736,14.0
1607091410.7756,24.0
1607091410.7776,31.0
1607091410.7796,40.0
1607091410.7816,43.0
1607091410.7836,48.0
1607091410.7856,60.0
1607091410.7878,72.0
1607091410.7897,84.0
1607091410.7902,101.0
1607091410.7916,117.0
1607091410.7936,125.0
1607091410.7956,137.0
1607091410.7976,149.0
1607091410.7996,156.0
1607091410.8016,153.0
1607091410.8036,144.0
1607091410.8056,127.0
1607091410.8077,91.0
1607091410.8096,52.0
1607091410.8116,21.0
1607091410.8136,-4.0
1607091410.8156,-28.0
1607091410.8176,-43.0
1607091410.8196,-50.0
1607091410.8202,-55.0
1607091410.8217,-55.0
1607091410.8236,-57.0
1607091410.8256,-57.0
1607091410.8276,-55.0
1607091410.8296,-48.0
1607091410.8316,-43.0
1607091410.8336,-38.0
1607091410.8356,-36.0
1607091410.8376,-33.0
1607091410.8397,-33.0
1607091410.8417,-31.0
1607091411.2464,-28.0
1607091411.247,-24.0
1607091411.2493,-19.0
1607091411.2521,-16.0
1607091411.254,-14.0
1607091411.256,-14.0
1607091411.258,-14.0
1607091411.26,-14.0
1607091411.262,-19.0
1607091411.264,-24.0
1607091411.266,-26.0
1607091411.2666,-21.0
1607091411.268,-19.0
1607091411.27,-19.0
1607091411.272,-16.0
1607091411.274,-16.0
1607091411.2759,-16.0
1607091411.278,-14.0
1607091411.28,-9.0
1607091411.2822,-9.0
1607091411.284,-9.0
1607091411.2861,-9.0
1607091411.288,-7.0
1607091411.29,-4.0
1607091411.292,-2.0
1607091411.294,0.0
1607091411.296,2.0
1607091411.2966,2.0
1607091411.298,-2.0
1607091411.3,0.0
1607091411.302,2.0
1607091411.304,2.0
1607091411.306,0.0
1607091411.308,-2.0
1607091411.31,-2.0
1607091411.3119,-2.0
1607091411.314,-2.0
1607091411.316,-2.0
1607091411.318,0.0
1607091411.32,4.0
1607091411.322,2.0
1607091411.324,2.0
1607091411.326,2.0
1607091411.3266,0.0
1607091411.328,2.0
1607091411.33,4.0
1607091411.332,4.0
1607091411.334,4.0
1607091411.3359,7.0
1607091411.338,7.0
1607091411.34,7.0
1607091411.342,7.0
1607091411.344,4.0
1607091411.346,7.0
1607091411.348,7.0
1607091411.35,7.0
1607091411.352,7.0
1607091411.354,4.0
1607091411.356,0.0
1607091411.3566,0.0
1607091411.358,2.0
1607091411.36,2.0
1607091411.3619,0.0
1607091411.364,0.0
1607091411.366,2.0
1607091411.368,2.0
1607091411.37,0.0
1607091411.372,0.0
1607091411.374,2.0
1607091411.376,4.0
1607091411.378,0.0
1607091411.38,-7.0
1607091411.3822,-7.0
1607091411.8467,-2.0
1607091411.8476,0.0
1607091411.8493,-4.0
1607091411.8513,-9.0
1607091411.8533,-12.0
1607091411.8552,-2.0
1607091411.8573,14.0
1607091411.8593,21.0
1607091411.8613,19.0
1607091411.8633,16.0
1607091411.8653,4.0
1607091411.8673,-4.0
1607091411.8693,-7.0
1607091411.8713,-7.0
1607091411.8732,-7.0
1607091411.8752,-7.0
1607091411.8772,0.0
1607091411.8778,2.0
1607091411.8792,-2.0
1607091411.8812,-19.0
1607091411.8832,-9.0
1607091411.8852,120.0
1607091411.8872,416.0
1607091411.8892,731.0
1607091411.8912,726.0
1607091411.8932,233.0
1607091411.8952,-216.0
1607091411.8972,-132.0
1607091411.8992,28.0
1607091411.9012,-69.0
1607091411.9032,-105.0
1607091411.9052,-33.0
1607091411.9072,-40.0
1607091411.9078,-67.0
1607091411.9092,-43.0
1607091411.9111,-36.0
1607091411.9131,-43.0
1607091411.9151,-31.0
1607091411.9171,-19.0
1607091411.9191,-16.0
1607091411.9212,-14.0
1607091411.9231,-7.0
1607091411.9251,-2.0
1607091411.9271,4.0
1607091411.9291,7.0
1607091411.9312,7.0
1607091411.9331,16.0
1607091411.9351,28.0
1607091411.9371,36.0
1607091411.9378,40.0
1607091411.9393,48.0
1607091411.9412,62.0
1607091411.9432,74.0
1607091411.9452,81.0
1607091411.9471,93.0
1607091411.9491,110.0
1607091411.9512,120.0
1607091411.9532,132.0
1607091411.9552,146.0
1607091411.9571,158.0
1607091411.9591,158.0
1607091411.9612,153.0
1607091411.9631,137.0
1607091411.9651,103.0
1607091411.9672,64.0
1607091411.9678,28.0
1607091411.9692,-4.0
1607091411.9712,-31.0
1607091411.9731,-50.0
1607091411.9751,-62.0
1607091411.9771,-67.0
1607091411.9792,-67.0
1607091411.9812,-67.0
1607091412.3868,-64.0
1607091412.3877,-62.0
1607091412.3901,-55.0
1607091412.3927,-55.0
1607091412.3947,-55.0
1607091412.3967,-50.0
1607091412.3974,-38.0
1607091412.3987,-36.0
1607091412.4008,-36.0
1607091412.4027,-33.0
1607091412.4047,-26.0
1607091412.4067,-28.0
1607091412.4087,-33.0
1607091412.4108,-33.0
1607091412.4127,-31.0
1607091412.4147,-28.0
1607091412.4167,-24.0
1607091412.4187,-19.0
1607091412.4208,-19.0
1607091412.4227,-19.0
1607091412.4247,-21.0
1607091412.4267,-21.0
1607091412.4273,-21.0
1607091412.4287,-19.0
1607091412.4307,-16.0
1607091412.4327,-16.0
1607091412.4348,-14.0
1607091412.4367,-14.0
1607091412.4395,-12.0
1607091412.4407,-4.0
1607091412.4429,-4.0
1607091412.4447,-4.0
1607091412.4468,-4.0
1607091412.4487,0.0
1607091412.451,2.0
1607091412.4527,2.0
1607091412.4547,0.0
1607091412.4567,-2.0
1607091412.4573,0.0
1607091412.4587,2.0
1607091412.4608,4.0
1607091412.4627,2.0
1607091412.4647,2.0
1607091412.467,4.0
1607091412.4687,2.0
1607091412.4707,-2.0
1607091412.4727,-2.0
1607091412.4747,2.0
1607091412.4767,4.0
1607091412.4787,2.0
1607091412.4807,4.0
1607091412.4828,7.0
1607091412.4848,9.0
1607091412.4867,7.0
1607091412.4873,7.0
1607091412.4886,4.0
1607091412.4908,2.0
1607091412.4927,0.0
1607091412.4947,2.0
1607091412.4967,4.0
1607091412.4987,7.0
1607091412.501,7.0
1607091412.5027,7.0
1607091412.5047,7.0
1607091412.5067,7.0
1607091412.5087,7.0
1607091412.5108,7.0
1607091412.5127,4.0
1607091412.5147,7.0
1607091412.5169,7.0
1607091412.5173,4.0
1607091412.5187,4.0
1607091412.5208,7.0
1607091412.9268,7.0
1607091412.9278,2.0
1607091412.9302,2.0
1607091412.9328,2.0
1607091412.9348,0.0
1607091412.9368,0.0
1607091412.939,19.0
1607091412.9409,36.0
1607091412.9428,31.0
1607091412.9448,21.0
1607091412.9468,16.0
1607091412.9488,4.0
1607091412.9509,-4.0
1607091412.9514,-4.0
1607091412.9528,-2.0
1607091412.9548,2.0
1607091412.9568,7.0
1607091412.9588,7.0
1607091412.9609,4.0
1607091412.9628,-9.0
1607091412.9648,-7.0
1607091412.9668,105.0
1607091412.9688,394.0
1607091412.9708,731.0
1607091412.9728,771.0
1607091412.9748,286.0
1607091412.9768,-228.0
1607091412.9789,-173.0
1607091412.9808,33.0
1607091412.9814,-48.0
1607091412.9827,-101.0
1607091412.9847,-28.0
1607091412.9867,-36.0
1607091412.9887,-60.0
1607091412.9908,-31.0
1607091412.9927,-19.0
1607091412.9947,-31.0
1607091412.9967,-26.0
1607091412.9987,-14.0
1607091413.0008,-12.0
1607091413.0027,-7.0
1607091413.0047,2.0
1607091413.0067,4.0
1607091413.0087,4.0
1607091413.0108,12.0
1607091413.0114,19.0
1607091413.0129,24.0
1607091413.0148,28.0
1607091413.0168,33.0
1607091413.0187,40.0
1607091413.0208,48.0
1607091413.0227,60.0
1607091413.0247,72.0
1607091413.0267,86.0
1607091413.0287,96.0
1607091413.0308,110.0
1607091413.0327,127.0
1607091413.0349,144.0
1607091413.0368,158.0
1607091413.0387,168.0
1607091413.0408,173.0
1607091413.0413,165.0
1607091413.0427,146.0
1607091413.0447,113.0
1607091413.0467,67.0
1607091413.0487,26.0
1607091413.0508,-7.0
1607091413.0527,-31.0
1607091413.0548,-52.0
1607091413.0567,-64.0
1607091413.0587,-69.0
1607091413.0608,-72.0
1607091413.0627,-72.0
1607091413.4967,-69.0
1607091413.4975,-67.0
1607091413.499,-67.0
1607091413.5009,-62.0
1607091413.5029,-52.0
1607091413.5049,-52.0
1607091413.5069,-57.0
1607091413.5089,-55.0
1607091413.511,-45.0
1607091413.5129,-40.0
1607091413.5149,-40.0
1607091413.5169,-36.0
1607091413.5189,-31.0
1607091413.521,-26.0
1607091413.5229,-24.0
1607091413.525,-24.0
1607091413.5269,-24.0
1607091413.5275,-21.0
1607091413.5289,-19.0
1607091413.5309,-19.0
1607091413.5329,-19.0
1607091413.5349,-19.0
1607091413.5368,-16.0
1607091413.5389,-16.0
1607091413.5409,-16.0
1607091413.5428,-14.0
1607091413.5449,-12.0
1607091413.5469,-14.0
1607091413.5489,-14.0
1607091413.5509,-14.0
1607091413.5528,-14.0
1607091413.5548,-9.0
1607091413.5568,-7.0
1607091413.5574,-9.0
1607091413.5588,-9.0
1607091413.561,-2.0
1607091413.5629,0.0
1607091413.5648,-4.0
1607091413.5668,-7.0
1607091413.5688,-4.0
1607091413.5709,-4.0
1607091413.5728,-7.0
1607091413.5748,-4.0
1607091413.5768,-2.0
1607091413.5788,-4.0
1607091413.5809,-2.0
1607091413.5828,-4.0
1607091413.5848,-7.0
1607091413.5868,-4.0
1607091413.5875,-2.0
1607091413.5898,-2.0
1607091413.5919,-2.0
1607091413.5938,0.0
1607091413.5959,-2.0
1607091413.5978,0.0
1607091413.5998,2.0
1607091413.6019,4.0
1607091413.6038,4.0
1607091413.6058,4.0
1607091413.6078,2.0
1607091413.6098,0.0
1607091413.6118,2.0
1607091413.6139,4.0
1607091413.6158,4.0
1607091413.6165,4.0
1607091413.6178,4.0
1607091413.6198,7.0
1607091413.6219,7.0
1607091413.6238,2.0
1607091413.6258,0.0
1607091413.6278,4.0
1607091413.6298,2.0
1607091413.6318,-2.0
1607091414.0362,0.0
1607091414.0371,4.0
1607091414.0387,2.0
1607091414.0406,-4.0
1607091414.0427,-7.0
1607091414.0433,-4.0
1607091414.0445,7.0
1607091414.0466,19.0
1607091414.0486,21.0
1607091414.0505,21.0
1607091414.0525,19.0
1607091414.0545,7.0
1607091414.0565,-2.0
1607091414.0587,-4.0
1607091414.0606,-2.0
1607091414.0625,0.0
1607091414.0645,0.0
1607091414.0665,0.0
1607091414.0685,0.0
1607091414.0705,-2.0
1607091414.0725,-19.0
1607091414.0731,2.0
1607091414.0745,168.0
1607091414.0764,492.0
1607091414.0785,779.0
1607091414.0805,682.0
1607091414.0824,144.0
1607091414.0845,-221.0
1607091414.0864,-79.0
1607091414.0884,28.0
1607091414.0904,-88.0
1607091414.0924,-91.0
1607091414.0944,-31.0
1607091414.0965,-57.0
1607091414.0984,-72.0
1607091414.1004,-48.0
1607091414.1024,-40.0
1607091414.1031,-40.0
1607091414.1044,-31.0
1607091414.1064,-24.0
1607091414.1085,-19.0
1607091414.1104,-12.0
1607091414.1126,-7.0
1607091414.1145,-2.0
1607091414.1164,2.0
1607091414.1184,9.0
1607091414.1205,12.0
1607091414.1224,16.0
1607091414.1244,24.0
1607091414.1264,33.0
1607091414.1284,40.0
1607091414.1304,48.0
1607091414.1325,60.0
1607091414.1331,69.0
1607091414.1344,84.0
1607091414.1364,98.0
1607091414.1384,115.0
1607091414.1404,132.0
1607091414.1425,141.0
1607091414.1445,151.0
1607091414.1464,161.0
1607091414.1484,161.0
1607091414.1504,149.0
1607091414.1524,129.0
1607091414.1546,101.0
1607091414.1565,64.0
1607091414.1585,26.0
1607091414.1604,-4.0
1607091414.1625,-26.0
1607091414.1631,-40.0
1607091414.1644,-50.0
1607091414.1664,-52.0
1607091414.1685,-50.0
1607091414.6064,-55.0
1607091414.6073,-57.0
1607091414.6097,-50.0
1607091414.6124,-45.0
1607091414.6144,-57.0
1607091414.6164,-64.0
1607091414.6184,-55.0
1607091414.6204,-43.0
1607091414.6224,-38.0
1607091414.6244,-38.0
1607091414.6265,-40.0
1607091414.6284,-33.0
1607091414.6291,-26.0
1607091414.6304,-24.0
1607091414.6323,-19.0
1607091414.6343,-16.0
1607091414.6363,-19.0
1607091414.6383,-16.0
1607091414.6403,-12.0
1607091414.6423,-9.0
1607091414.6443,-9.0
1607091414.6463,-9.0
1607091414.6483,-12.0
1607091414.6503,-12.0
1607091414.6523,-7.0
1607091414.6543,-9.0
1607091414.6563,-12.0
1607091414.6583,-12.0
1607091414.6589,-12.0
1607091414.6603,-12.0
1607091414.6623,-4.0
1607091414.6643,-4.0
1607091414.6663,-7.0
1607091414.6683,-4.0
1607091414.6703,0.0
1607091414.6723,0.0
1607091414.6743,-2.0
1607091414.6763,2.0
1607091414.6783,7.0
1607091414.6803,4.0
1607091414.6823,4.0
1607091414.6843,4.0
1607091414.6864,2.0
1607091414.6883,4.0
1607091414.6889,7.0
1607091414.6902,7.0
1607091414.6923,7.0
1607091414.6943,9.0
1607091414.6963,14.0
1607091414.6983,12.0
1607091414.7003,7.0
1607091414.7023,9.0
1607091414.7042,14.0
1607091414.7062,14.0
1607091414.7082,12.0
1607091414.7103,7.0
1607091414.7123,9.0
1607091414.7143,12.0
1607091414.7162,12.0
1607091414.7183,12.0
1607091414.7189,12.0
1607091414.7202,14.0
1607091414.7223,14.0
1607091414.7243,12.0
1607091414.7263,12.0
1607091414.7282,16.0
1607091414.7302,19.0
1607091414.7323,16.0
1607091414.7343,16.0
1607091414.7363,16.0
1607091414.7383,16.0
1607091414.7403,16.0
1607091414.7423,19.0
1607091415.2365,19.0
1607091415.2374,16.0
1607091415.2399,14.0
1607091415.2426,12.0
1607091415.2445,12.0
1607091415.2465,7.0
1607091415.2487,-2.0
1607091415.2506,-2.0
1607091415.2526,2.0
1607091415.2545,2.0
1607091415.2558,-2.0
1607091415.2575,-2.0
1607091415.2595,-2.0
1607091415.2616,-7.0
1607091415.2635,0.0
1607091415.264,21.0
1607091415.2654,36.0
1607091415.2675,36.0
1607091415.2694,26.0
1607091415.2714,14.0
1607091415.2737,2.0
1607091415.2755,0.0
1607091415.2774,0.0
1607091415.2796,0.0
1607091415.2815,2.0
1607091415.2835,4.0
1607091415.2855,7.0
1607091415.2875,4.0
1607091415.2895,-9.0
1607091415.2916,-16.0
1607091415.2935,76.0
1607091415.294,339.0
1607091415.2954,673.0
1607091415.2975,783.0
1607091415.2995,399.0
1607091415.3015,-127.0
1607091415.3034,-170.0
1607091415.3054,24.0
1607091415.3075,-31.0
1607091415.3094,-105.0
1607091415.3114,-45.0
1607091415.3134,-33.0
1607091415.3154,-62.0
1607091415.3175,-40.0
1607091415.3194,-28.0
1607091415.3214,-38.0
1607091415.3234,-28.0
1607091415.324,-16.0
1607091415.3254,-16.0
1607091415.3274,-12.0
1607091415.3294,-4.0
1607091415.3314,0.0
1607091415.3335,4.0
1607091415.3354,12.0
1607091415.3374,16.0
1607091415.3394,24.0
1607091415.3414,31.0
1607091415.3434,36.0
1607091415.3455,45.0
1607091415.3474,50.0
1607091415.3494,55.0
1607091415.3515,69.0
1607091415.3534,84.0
1607091415.354,98.0
1607091415.3554,110.0
1607091415.3574,125.0
1607091415.3594,139.0
1607091415.3614,151.0
1607091415.3634,156.0
1607091415.3654,161.0
1607091415.3675,158.0
1607091415.3696,144.0
1607091415.3714,117.0
1607091415.7769,84.0
1607091415.7778,50.0
1607091415.7802,12.0
1607091415.7819,-16.0
1607091415.7839,-33.0
1607091415.7859,-43.0
1607091415.7866,-50.0
1607091415.7879,-55.0
1607091415.7899,-60.0
1607091415.792,-60.0
1607091415.7939,-57.0
1607091415.7959,-57.0
1607091415.7979,-52.0
1607091415.7999,-48.0
1607091415.8019,-50.0
1607091415.8039,-50.0
1607091415.8058,-40.0
1607091415.8078,-33.0
1607091415.8098,-33.0
1607091415.8119,-36.0
1607091415.8139,-28.0
1607091415.8159,-24.0
1607091415.8165,-21.0
1607091415.8178,-19.0
1607091415.8198,-16.0
1607091415.8219,-16.0
1607091415.8238,-16.0
1607091415.8258,-16.0
1607091415.8278,-12.0
1607091415.8298,-7.0
1607091415.8319,-7.0
1607091415.8338,-12.0
1607091415.8358,-9.0
1607091415.8379,-7.0
1607091415.8398,-7.0
1607091415.8419,-7.0
1607091415.8439,-4.0
1607091415.8458,-2.0
1607091415.8464,0.0
1607091415.8478,2.0
1607091415.8498,4.0
1607091415.8518,2.0
1607091415.8538,4.0
1607091415.8558,9.0
1607091415.8578,9.0
1607091415.8598,9.0
1607091415.8618,9.0
1607091415.8638,9.0
1607091415.8659,12.0
1607091415.868,12.0
1607091415.8699,9.0
1607091415.8718,9.0
1607091415.8738,14.0
1607091415.8758,14.0
1607091415.8764,14.0
1607091415.8778,16.0
1607091415.8798,16.0
1607091415.8818,16.0
1607091415.8838,16.0
1607091415.8858,14.0
1607091415.8878,14.0
1607091415.8898,16.0
1607091415.8918,16.0
1607091415.8938,14.0
1607091415.8958,14.0
1607091415.8978,14.0
1607091415.8998,14.0
1607091415.9018,16.0
1607091415.9038,16.0
1607091415.9058,16.0
1607091415.9064,16.0
1607091415.9078,19.0
1607091415.9098,21.0
1607091416.3167,26.0
1607091416.3174,24.0
1607091416.3198,16.0
1607091416.3216,9.0
1607091416.3235,12.0
1607091416.3255,21.0
1607091416.3275,24.0
1607091416.3295,12.0
1607091416.3316,0.0
1607091416.3335,2.0
1607091416.3355,9.0
1607091416.3361,7.0
1607091416.3375,-2.0
1607091416.3395,-4.0
1607091416.3415,0.0
1607091416.3434,-2.0
1607091416.3455,-4.0
1607091416.3474,-2.0
1607091416.3494,-7.0
1607091416.3515,-12.0
1607091416.3535,-12.0
1607091416.3554,-7.0
1607091416.3574,4.0
1607091416.3594,24.0
1607091416.3615,36.0
1607091416.3634,28.0
1607091416.3654,24.0
1607091416.3662,19.0
1607091416.3675,9.0
1607091416.3694,9.0
1607091416.3715,12.0
1607091416.3734,9.0
1607091416.3754,7.0
1607091416.3774,14.0
1607091416.3794,19.0
1607091416.3815,9.0
1607091416.3834,-9.0
1607091416.3854,19.0
1607091416.3874,192.0
1607091416.3894,519.0
1607091416.3915,803.0
1607091416.3934,668.0
1607091416.3955,86.0
1607091416.396,-257.0
1607091416.3974,-67.0
1607091416.3994,45.0
1607091416.4015,-74.0
1607091416.4034,-72.0
1607091416.4054,-12.0
1607091416.4074,-43.0
1607091416.4094,-52.0
1607091416.4115,-24.0
1607091416.4134,-16.0
1607091416.4154,-14.0
1607091416.4174,-4.0
1607091416.4194,-2.0
1607091416.4215,0.0
1607091416.4234,9.0
1607091416.4254,16.0
1607091416.4337,19.0
1607091416.4355,19.0
1607091416.4374,24.0
1607091416.4394,33.0
1607091416.4415,38.0
1607091416.4434,43.0
1607091416.4455,52.0
1607091416.4474,60.0
1607091416.4494,67.0
1607091416.4515,76.0
1607091416.4534,86.0
1607091416.4554,96.0
1607091416.4574,113.0
1607091416.4594,132.0
1607091416.857,149.0
1607091416.858,161.0
1607091416.8604,173.0
1607091416.863,182.0
1607091416.865,185.0
1607091416.8672,175.0
1607091416.869,146.0
1607091416.871,108.0
1607091416.873,67.0
1607091416.875,24.0
1607091416.877,-14.0
1607091416.879,-38.0
1607091416.881,-55.0
1607091416.883,-64.0
1607091416.885,-67.0
1607091416.887,-67.0
1607091416.8876,-67.0
1607091416.889,-64.0
1607091416.891,-62.0
1607091416.893,-60.0
1607091416.8949,-57.0
1607091416.8969,-52.0
1607091416.8989,-43.0
1607091416.901,-36.0
1607091416.9029,-33.0
1607091416.905,-28.0
1607091416.9069,-21.0
1607091416.9089,-21.0
1607091416.911,-21.0
1607091416.9129,-16.0
1607091416.9149,-12.0
1607091416.9169,-7.0
1607091416.9176,-4.0
1607091416.9189,-7.0
1607091416.9209,-7.0
1607091416.9229,-4.0
1607091416.9249,-4.0
1607091416.9269,-4.0
1607091416.9289,-7.0
1607091416.931,-7.0
1607091416.9329,-4.0
1607091416.9349,-2.0
1607091416.9369,-2.0
1607091416.9389,-2.0
1607091416.941,-4.0
1607091416.9429,-2.0
1607091416.9449,0.0
1607091416.9469,0.0
1607091416.9476,0.0
1607091416.9489,4.0
1607091416.9509,9.0
1607091416.9529,7.0
1607091416.9549,4.0
1607091416.9569,9.0
1607091416.9589,12.0
1607091416.9609,7.0
1607091416.9631,7.0
1607091416.965,12.0
1607091416.9669,14.0
1607091416.9689,9.0
1607091416.971,9.0
1607091416.9729,12.0
1607091416.9749,7.0
1607091416.9769,2.0
1607091416.9776,7.0
1607091416.9789,9.0
1607091416.9809,7.0
1607091416.9829,4.0
1607091416.9849,7.0
1607091416.9869,12.0
1607091416.9889,9.0
1607091416.991,7.0
1607091416.9929,2.0
1607091417.427,2.0
1607091417.4279,7.0
1607091417.4303,12.0
1607091417.433,12.0
1607091417.435,12.0
1607091417.4357,9.0
1607091417.437,4.0
1607091417.4391,2.0
1607091417.4411,2.0
1607091417.443,2.0
1607091417.445,2.0
1607091417.447,4.0
1607091417.449,9.0
1607091417.451,7.0
1607091417.4529,4.0
1607091417.4549,4.0
1607091417.4569,4.0
1607091417.4589,4.0
1607091417.461,4.0
1607091417.463,4.0
1607091417.4649,2.0
1607091417.4656,-2.0
1607091417.4669,-7.0
1607091417.4689,-4.0
1607091417.471,12.0
1607091417.4729,33.0
1607091417.4749,38.0
1607091417.4769,36.0
1607091417.479,31.0
1607091417.481,14.0
1607091417.4829,0.0
1607091417.4849,2.0
1607091417.4869,7.0
1607091417.4889,4.0
1607091417.4911,4.0
1607091417.493,4.0
1607091417.4949,4.0
1607091417.4956,-2.0
1607091417.4969,-14.0
1607091417.4989,19.0
1607091417.501,211.0
1607091417.5029,550.0
1607091417.5049,810.0
1607091417.5069,632.0
1607091417.5089,55.0
1607091417.511,-240.0
1607091417.5129,-48.0
1607091417.5149,24.0
1607091417.5169,-96.0
1607091417.5189,-76.0
1607091417.5209,-26.0
1607091417.5229,-55.0
1607091417.5249,-55.0
1607091417.5255,-33.0
1607091417.5269,-38.0
1607091417.5289,-40.0
1607091417.5309,-31.0
1607091417.5329,-26.0
1607091417.5349,-24.0
1607091417.5369,-16.0
1607091417.5389,-9.0
1607091417.5409,-7.0
1607091417.5429,-2.0
1607091417.5449,4.0
1607091417.5469,9.0
1607091417.5489,14.0
1607091417.5509,19.0
1607091417.5529,28.0
1607091417.5549,40.0
1607091417.5555,48.0
1607091417.5569,52.0
1607091417.5589,67.0
1607091417.5609,84.0
1607091417.967,96.0
1607091417.9679,113.0
1607091417.9703,134.0
1607091417.972,144.0
1607091417.974,151.0
1607091417.9759,158.0
1607091417.978,161.0
1607091417.98,144.0
1607091417.982,113.0
1607091417.984,81.0
1607091417.986,45.0
1607091417.988,4.0
1607091417.9888,-24.0
1607091417.99,-40.0
1607091417.992,-55.0
1607091417.994,-64.0
1607091417.996,-69.0
1607091417.998,-69.0
1607091417.9999,-69.0
1607091418.002,-64.0
1607091418.0039,-67.0
1607091418.0059,-67.0
1607091418.0079,-60.0
1607091418.0099,-52.0
1607091418.012,-50.0
1607091418.0139,-48.0
1607091418.0159,-43.0
1607091418.0179,-40.0
1607091418.0185,-33.0
1607091418.0199,-26.0
1607091418.022,-24.0
1607091418.0239,-24.0
1607091418.0259,-19.0
1607091418.0279,-19.0
1607091418.0299,-14.0
1607091418.032,-12.0
1607091418.0339,-12.0
1607091418.0359,-14.0
1607091418.0379,-12.0
1607091418.0399,-12.0
1607091418.0419,-12.0
1607091418.0439,-7.0
1607091418.0459,-7.0
1607091418.0479,-9.0
1607091418.0485,-4.0
1607091418.0499,-2.0
1607091418.0519,-2.0
1607091418.0539,-4.0
1607091418.0559,-7.0
1607091418.0579,-9.0
1607091418.0599,-4.0
1607091418.0619,-4.0
1607091418.0639,-12.0
1607091418.0659,-12.0
1607091418.0679,-7.0
1607091418.0699,-2.0
1607091418.0719,-2.0
1607091418.0739,-4.0
1607091418.0759,-7.0
1607091418.0779,-2.0
1607091418.0785,2.0
1607091418.0799,4.0
1607091418.082,0.0
1607091418.0841,-2.0
1607091418.086,0.0
1607091418.0879,2.0
1607091418.0899,2.0
1607091418.092,0.0
1607091418.0939,2.0
1607091418.0959,4.0
1607091418.0979,2.0
1607091418.0999,2.0
1607091418.1019,4.0
1607091418.567,7.0
1607091418.568,7.0
1607091418.5704,9.0
1607091418.573,9.0
1607091418.575,7.0
1607091418.577,-2.0
1607091418.5791,-4.0
1607091418.5811,2.0
1607091418.583,2.0
1607091418.585,0.0
1607091418.587,2.0
1607091418.589,2.0
1607091418.5911,-2.0
1607091418.593,-2.0
1607091418.595,-2.0
1607091418.597,-4.0
1607091418.5976,-4.0
1607091418.599,-4.0
1607091418.601,-4.0
1607091418.603,-4.0
1607091418.6049,-2.0
1607091418.6069,-2.0
1607091418.609,-2.0
1607091418.611,0.0
1607091418.613,2.0
1607091418.615,2.0
1607091418.6169,2.0
1607091418.6189,4.0
1607091418.621,4.0
1607091418.623,7.0
1607091418.6249,4.0
1607091418.627,2.0
1607091418.6276,0.0
1607091418.629,0.0
1607091418.631,-2.0
1607091418.6329,12.0
1607091418.6349,36.0
1607091418.6369,43.0
1607091418.6389,38.0
1607091418.641,28.0
1607091418.6429,12.0
1607091418.6451,0.0
1607091418.647,2.0
1607091418.649,7.0
1607091418.651,4.0
1607091418.6529,2.0
1607091418.6549,4.0
1607091418.6569,4.0
1607091418.6575,0.0
1607091418.6589,-14.0
1607091418.661,24.0
1607091418.6629,216.0
1607091418.6649,550.0
1607091418.6669,798.0
1607091418.6689,610.0
1607091418.671,55.0
1607091418.6729,-206.0
1607091418.6749,-31.0
1607091418.677,16.0
1607091418.679,-96.0
1607091418.681,-74.0
1607091418.6829,-24.0
1607091418.6849,-50.0
1607091418.687,-52.0
1607091418.6875,-33.0
1607091418.6889,-31.0
1607091418.691,-28.0
1607091418.6929,-19.0
1607091418.6949,-16.0
1607091418.6969,-14.0
1607091418.6989,-4.0
1607091418.701,0.0
1607091418.7029,2.0
1607091419.1069,7.0
1607091419.1076,12.0
1607091419.11,14.0
1607091419.1127,21.0
1607091419.1147,28.0
1607091419.1153,36.0
1607091419.1167,40.0
1607091419.1187,48.0
1607091419.1207,60.0
1607091419.1227,69.0
1607091419.1247,76.0
1607091419.1266,88.0
1607091419.1286,103.0
1607091419.1308,117.0
1607091419.1327,129.0
1607091419.1347,139.0
1607091419.1366,144.0
1607091419.1387,149.0
1607091419.1408,144.0
1607091419.1428,125.0
1607091419.1447,93.0
1607091419.1454,57.0
1607091419.1466,21.0
1607091419.1486,-7.0
1607091419.1507,-28.0
1607091419.1526,-48.0
1607091419.1546,-57.0
1607091419.1566,-62.0
1607091419.1586,-62.0
1607091419.1607,-60.0
1607091419.1626,-60.0
1607091419.1646,-57.0
1607091419.1666,-52.0
1607091419.1686,-55.0
1607091419.1707,-57.0
1607091419.1726,-52.0
1607091419.1747,-43.0
1607091419.1753,-40.0
1607091419.1766,-40.0
1607091419.1786,-36.0
1607091419.1807,-31.0
1607091419.1826,-28.0
1607091419.1846,-26.0
1607091419.1866,-21.0
1607091419.1886,-19.0
1607091419.1907,-19.0
1607091419.1926,-16.0
1607091419.1946,-14.0
1607091419.1966,-9.0
1607091419.1986,-9.0
1607091419.2007,-9.0
1607091419.2028,-9.0
1607091419.2046,-9.0
1607091419.2052,-9.0
1607091419.2066,-7.0
1607091419.2086,-4.0
1607091419.2107,-4.0
1607091419.2126,-7.0
1607091419.2147,-2.0
1607091419.2166,0.0
1607091419.2186,-2.0
1607091419.2207,-2.0
1607091419.2226,0.0
1607091419.2246,2.0
1607091419.2266,2.0
1607091419.2286,2.0
1607091419.2307,4.0
1607091419.2326,2.0
1607091419.2346,2.0
1607091419.2352,4.0
1607091419.2368,7.0
1607091419.2387,9.0
1607091419.2407,7.0
1607091419.6766,4.0
1607091419.6775,2.0
1607091419.6799,2.0
1607091419.6817,4.0
1607091419.6836,7.0
1607091419.6856,7.0
1607091419.6876,4.0
1607091419.6896,0.0
1607091419.6916,-2.0
1607091419.6935,0.0
1607091419.6955,4.0
1607091419.6975,0.0
1607091419.6981,-4.0
1607091419.6995,-2.0
1607091419.7015,2.0
1607091419.7035,2.0
1607091419.7055,2.0
1607091419.7075,4.0
1607091419.7095,7.0
1607091419.7115,9.0
1607091419.7135,9.0
1607091419.7155,7.0
1607091419.7175,4.0
1607091419.7195,7.0
1607091419.7215,9.0
1607091419.7235,4.0
1607091419.7255,-7.0
1607091419.7275,-9.0
1607091419.7281,-2.0
1607091419.7295,0.0
1607091419.7315,-2.0
1607091419.7335,0.0
1607091419.7355,0.0
1607091419.7375,0.0
1607091419.7395,2.0
1607091419.7415,7.0
1607091419.7435,9.0
1607091419.7455,7.0
1607091419.7475,0.0
1607091419.7495,-2.0
1607091419.7515,-2.0
1607091419.7535,0.0
1607091419.7555,4.0
1607091419.7575,21.0
1607091419.7581,43.0
1607091419.7595,45.0
1607091419.7615,36.0
1607091419.7635,24.0
1607091419.7656,16.0
1607091419.7675,9.0
1607091419.7695,9.0
1607091419.7715,14.0
1607091419.7735,14.0
1607091419.7755,9.0
1607091419.7775,9.0
1607091419.7795,12.0
1607091419.7815,4.0
1607091419.7835,-7.0
1607091419.7855,64.0
1607091419.7875,303.0
1607091419.7881,639.0
1607091419.7895,795.0
1607091419.7915,468.0
1607091419.7935,-79.0
1607091419.7955,-185.0
1607091419.7975,19.0
1607091419.7994,-4.0
1607091419.8015,-93.0
1607091419.8035,-40.0
1607091419.8055,-24.0
1607091419.8075,-57.0
1607091419.8095,-36.0
1607091419.8115,-14.0
1607091420.2163,-24.0
1607091420.2171,-21.0
1607091420.2194,-9.0
1607091420.2212,-7.0
1607091420.2232,-4.0
1607091420.2251,2.0
1607091420.2271,9.0
1607091420.2292,14.0
1607091420.2313,14.0
1607091420.2333,7.0
1607091420.2352,12.0
1607091420.2371,21.0
1607091420.2391,26.0
1607091420.2412,36.0
1607091420.2431,50.0
1607091420.2451,60.0
1607091420.2458,67.0
1607091420.2471,74.0
1607091420.2491,88.0
1607091420.2512,103.0
1607091420.2531,110.0
1607091420.2551,125.0
1607091420.2571,141.0
1607091420.2591,153.0
1607091420.2611,163.0
1607091420.2631,161.0
1607091420.2653,149.0
1607091420.2672,127.0
1607091420.2691,93.0
1607091420.2711,55.0
1607091420.2731,21.0
1607091420.2751,-7.0
1607091420.2757,-28.0
1607091420.2771,-45.0
1607091420.2791,-55.0
1607091420.2811,-57.0
1607091420.2832,-60.0
1607091420.2852,-57.0
1607091420.2871,-52.0
1607091420.2891,-50.0
1607091420.2911,-45.0
1607091420.2931,-40.0
1607091420.2951,-40.0
1607091420.2971,-43.0
1607091420.2991,-33.0
1607091420.3011,-24.0
1607091420.3031,-21.0
1607091420.3037,-21.0
1607091420.3051,-21.0
1607091420.3071,-19.0
1607091420.3091,-14.0
1607091420.3111,-12.0
1607091420.3131,-12.0
1607091420.3151,-9.0
1607091420.3171,-4.0
1607091420.3191,-7.0
1607091420.3211,-7.0
1607091420.3231,-2.0
1607091420.3251,0.0
1607091420.3271,-4.0
1607091420.3291,-4.0
1607091420.3311,-2.0
1607091420.3331,-2.0
1607091420.3337,0.0
1607091420.3351,9.0
1607091420.3371,12.0
1607091420.3391,4.0
1607091420.3411,2.0
1607091420.3431,7.0
1607091420.3451,12.0
1607091420.3471,14.0
1607091420.3491,14.0
1607091420.3511,14.0
1607091420.787,14.0
1607091420.7879,16.0
1607091420.7904,19.0
1607091420.793,21.0
1607091420.7952,21.0
1607091420.797,19.0
1607091420.7976,14.0
1607091420.7991,12.0
1607091420.801,14.0
1607091420.803,14.0
1607091420.805,7.0
1607091420.807,4.0
1607091420.809,7.0
1607091420.811,9.0
1607091420.8131,9.0
1607091420.815,9.0
1607091420.817,9.0
1607091420.819,7.0
1607091420.8209,14.0
1607091420.8229,21.0
1607091420.8249,19.0
1607091420.8269,16.0
1607091420.8276,19.0
1607091420.829,19.0
1607091420.831,16.0
1607091420.8329,19.0
1607091420.8349,24.0
1607091420.8369,26.0
1607091420.8389,26.0
1607091420.841,24.0
1607091420.8429,19.0
1607091420.8449,19.0
1607091420.8469,24.0
1607091420.8489,19.0
1607091420.851,12.0
1607091420.8529,7.0
1607091420.8549,9.0
1607091420.8569,12.0
1607091420.8575,24.0
1607091420.8589,45.0
1607091420.861,48.0
1607091420.8629,38.0
1607091420.8649,31.0
1607091420.8669,24.0
1607091420.8689,14.0
1607091420.871,9.0
1607091420.8729,9.0
1607091420.8749,14.0
1607091420.8769,14.0
1607091420.8789,12.0
1607091420.8809,14.0
1607091420.8829,7.0
1607091420.8849,-4.0
1607091420.8869,57.0
1607091420.8875,300.0
1607091420.8891,656.0
1607091420.891,832.0
1607091420.8929,483.0
1607091420.8949,-117.0
1607091420.8969,-240.0
1607091420.8989,-2.0
1607091420.901,0.0
1607091420.9029,-96.0
1607091420.9049,-38.0
1607091420.9069,-14.0
1607091420.9089,-52.0
1607091420.911,-40.0
1607091420.913,-12.0
1607091420.9149,-19.0
1607091420.9169,-16.0
1607091420.9176,-2.0
1607091420.9189,0.0
1607091420.9209,-2.0
1607091421.327,0.0
1607091421.3279,7.0
1607091421.3296,14.0
1607091421.3315,19.0
1607091421.3333,21.0
1607091421.3353,26.0
1607091421.3373,26.0
1607091421.3393,28.0
1607091421.3413,38.0
1607091421.3433,50.0
1607091421.3453,57.0
1607091421.3459,67.0
1607091421.3473,81.0
1607091421.3493,98.0
1607091421.3513,115.0
1607091421.3533,129.0
1607091421.3553,144.0
1607091421.3572,163.0
1607091421.3593,177.0
1607091421.3613,182.0
1607091421.3633,177.0
1607091421.3652,163.0
1607091421.3673,132.0
1607091421.3693,88.0
1607091421.3713,50.0
1607091421.3734,16.0
1607091421.3753,-16.0
1607091421.3759,-45.0
1607091421.3772,-57.0
1607091421.3793,-62.0
1607091421.3813,-67.0
1607091421.3832,-69.0
1607091421.3852,-67.0
1607091421.3875,-64.0
1607091421.3893,-60.0
1607091421.3913,-57.0
1607091421.3932,-57.0
1607091421.3952,-52.0
1607091421.3972,-45.0
1607091421.3992,-38.0
1607091421.4013,-38.0
1607091421.4032,-36.0
1607091421.4052,-31.0
1607091421.4058,-26.0
1607091421.4072,-26.0
1607091421.4092,-26.0
1607091421.4113,-24.0
1607091421.4132,-19.0
1607091421.4152,-14.0
1607091421.4172,-12.0
1607091421.4192,-14.0
1607091421.4213,-16.0
1607091421.4233,-16.0
1607091421.4252,-16.0
1607091421.4272,-16.0
1607091421.4293,-12.0
1607091421.4313,-9.0
1607091421.4332,-12.0
1607091421.4353,-7.0
1607091421.4359,-4.0
1607091421.4372,-4.0
1607091421.4392,-4.0
1607091421.4413,-7.0
1607091421.4424,-7.0
1607091421.4442,-7.0
1607091421.4462,-4.0
1607091421.4482,-4.0
1607091421.4502,-4.0
1607091421.4523,0.0
1607091421.4542,0.0
1607091421.4562,-7.0
1607091421.4582,-4.0
1607091421.4602,0.0
1607091421.9271,2.0
1607091421.928,2.0
1607091421.9304,4.0
1607091421.9321,2.0
1607091421.9341,-2.0
1607091421.9361,-2.0
1607091421.9381,2.0
1607091421.9401,2.0
1607091421.9421,-4.0
1607091421.9428,-9.0
1607091421.9441,-7.0
1607091421.9463,0.0
1607091421.9481,2.0
1607091421.9501,2.0
1607091421.952,0.0
1607091421.954,0.0
1607091421.956,2.0
1607091421.958,2.0
1607091421.96,4.0
1607091421.962,7.0
1607091421.964,7.0
1607091421.966,4.0
1607091421.968,2.0
1607091421.97,0.0
1607091421.9721,-2.0
1607091421.9726,-2.0
1607091421.974,0.0
1607091421.976,-4.0
1607091421.978,-7.0
1607091421.98,-4.0
1607091421.9821,4.0
1607091421.984,19.0
1607091421.986,31.0
1607091421.988,31.0
1607091421.99,24.0
1607091421.992,9.0
1607091421.994,-4.0
1607091421.996,-4.0
1607091421.998,-4.0
1607091422.0,-7.0
1607091422.002,-7.0
1607091422.0026,-2.0
1607091422.004,-2.0
1607091422.006,-7.0
1607091422.008,-24.0
1607091422.01,-14.0
1607091422.012,117.0
1607091422.014,420.0
1607091422.016,747.0
1607091422.018,752.0
1607091422.02,247.0
1607091422.022,-228.0
1607091422.024,-149.0
1607091422.026,24.0
1607091422.028,-76.0
1607091422.03,-117.0
1607091422.032,-48.0
1607091422.0326,-60.0
1607091422.034,-84.0
1607091422.036,-55.0
1607091422.038,-38.0
1607091422.04,-48.0
1607091422.0422,-45.0
1607091422.0441,-38.0
1607091422.046,-36.0
1607091422.048,-31.0
1607091422.05,-21.0
1607091422.052,-14.0
1607091422.054,-7.0
1607091422.056,-2.0
1607091422.058,2.0
1607091422.06,4.0
1607091422.062,12.0
1607091422.5271,24.0
1607091422.528,31.0
1607091422.5304,38.0
1607091422.5322,50.0
1607091422.5341,64.0
1607091422.5362,74.0
1607091422.5381,86.0
1607091422.5401,103.0
1607091422.5421,117.0
1607091422.5441,122.0
1607091422.5462,132.0
1607091422.5481,146.0
1607091422.5501,149.0
1607091422.552,137.0
1607091422.5527,117.0
1607091422.554,91.0
1607091422.556,57.0
1607091422.558,21.0
1607091422.56,-12.0
1607091422.5621,-38.0
1607091422.564,-57.0
1607091422.566,-67.0
1607091422.568,-72.0
1607091422.57,-72.0
1607091422.5721,-72.0
1607091422.574,-72.0
1607091422.576,-67.0
1607091422.578,-60.0
1607091422.58,-57.0
1607091422.582,-55.0
1607091422.5826,-50.0
1607091422.584,-45.0
1607091422.586,-40.0
1607091422.588,-36.0
1607091422.59,-33.0
1607091422.5921,-31.0
1607091422.594,-26.0
1607091422.596,-24.0
1607091422.598,-24.0
1607091422.6,-16.0
1607091422.6022,-14.0
1607091422.6041,-12.0
1607091422.606,-12.0
1607091422.608,-9.0
1607091422.61,-9.0
1607091422.612,-9.0
1607091422.6126,-12.0
1607091422.614,-9.0
1607091422.616,-7.0
1607091422.618,-9.0
1607091422.62,-9.0
1607091422.622,-7.0
1607091422.624,-4.0
1607091422.626,-7.0
1607091422.628,-7.0
1607091422.63,-9.0
1607091422.632,-12.0
1607091422.634,-9.0
1607091422.636,-4.0
1607091422.638,-7.0
1607091422.64,-7.0
1607091422.642,-2.0
1607091422.6426,-2.0
1607091422.644,0.0
1607091422.646,2.0
1607091422.648,2.0
1607091422.65,2.0
1607091422.652,2.0
1607091422.654,4.0
1607091422.656,7.0
1607091422.658,12.0
1607091422.66,9.0
1607091422.662,7.0
1607091423.0363,12.0
1607091423.037,16.0
1607091423.0388,16.0
1607091423.0395,14.0
1607091423.0409,12.0
1607091423.0428,12.0
1607091423.0448,14.0
1607091423.0468,16.0
1607091423.0488,16.0
1607091423.0509,16.0
1607091423.053,9.0
1607091423.0548,7.0
1607091423.0568,9.0
1607091423.0588,9.0
1607091423.0609,2.0
1607091423.0628,0.0
1607091423.0648,4.0
1607091423.0668,4.0
1607091423.069,2.0
1607091423.0694,7.0
1607091423.0709,4.0
1607091423.0728,2.0
1607091423.0748,2.0
1607091423.0768,7.0
1607091423.0788,9.0
1607091423.0808,4.0
1607091423.0828,2.0
1607091423.0848,2.0
1607091423.0868,4.0
1607091423.0888,2.0
1607091423.0908,0.0
1607091423.0928,9.0
1607091423.0948,31.0
1607091423.0968,43.0
1607091423.0988,40.0
1607091423.0994,33.0
1607091423.1008,21.0
1607091423.1028,4.0
1607091423.1048,2.0
1607091423.1068,4.0
1607091423.1088,4.0
1607091423.1108,4.0
1607091423.1127,2.0
1607091423.1148,0.0
1607091423.1168,-2.0
1607091423.1188,-16.0
1607091423.1208,-16.0
1607091423.1228,91.0
1607091423.1248,365.0
1607091423.1268,687.0
1607091423.1288,752.0
1607091423.1294,319.0
1607091423.1308,-182.0
1607091423.1328,-168.0
1607091423.1348,12.0
1607091423.1368,-64.0
1607091423.1388,-120.0
1607091423.1408,-57.0
1607091423.1428,-55.0
1607091423.1448,-74.0
1607091423.1468,-50.0
1607091423.1488,-43.0
1607091423.1508,-50.0
1607091423.1528,-38.0
1607091423.1549,-28.0
1607091423.1568,-28.0
1607091423.1588,-21.0
1607091423.1594,-12.0
1607091423.1608,-9.0
1607091423.1629,-12.0
1607091423.1648,-4.0
1607091423.1668,4.0
1607091423.1688,9.0
1607091423.5767,14.0
1607091423.5776,21.0
1607091423.58,33.0
1607091423.5827,43.0
1607091423.5847,48.0
1607091423.5867,57.0
1607091423.5887,72.0
1607091423.5907,81.0
1607091423.5926,88.0
1607091423.5933,103.0
1607091423.5946,122.0
1607091423.5966,134.0
1607091423.5986,139.0
1607091423.6007,146.0
1607091423.6026,146.0
1607091423.6047,132.0
1607091423.6066,105.0
1607091423.6086,74.0
1607091423.6106,38.0
1607091423.6126,4.0
1607091423.6146,-21.0
1607091423.6166,-38.0
1607091423.6186,-48.0
1607091423.6206,-57.0
1607091423.6226,-60.0
1607091423.6232,-55.0
1607091423.6246,-52.0
1607091423.6266,-52.0
1607091423.6286,-55.0
1607091423.6306,-52.0
1607091423.6326,-45.0
1607091423.6346,-40.0
1607091423.6366,-36.0
1607091423.6386,-28.0
1607091423.6406,-26.0
1607091423.6426,-28.0
1607091423.6446,-24.0
1607091423.6466,-19.0
1607091423.6486,-16.0
1607091423.6506,-14.0
1607091423.6526,-12.0
1607091423.6532,-14.0
1607091423.6546,-19.0
1607091423.6566,-16.0
1607091423.6586,-9.0
1607091423.6606,-12.0
1607091423.6626,-16.0
1607091423.6648,-14.0
1607091423.6666,-9.0
1607091423.6686,-7.0
1607091423.6706,-9.0
1607091423.6726,-9.0
1607091423.6746,-7.0
1607091423.6766,-4.0
1607091423.6786,-4.0
1607091423.6806,-2.0
1607091423.6826,0.0
1607091423.6832,0.0
1607091423.6846,0.0
1607091423.6866,2.0
1607091423.6886,2.0
1607091423.6906,0.0
1607091423.6926,0.0
1607091423.6946,2.0
1607091423.6966,7.0
1607091423.6986,7.0
1607091423.7006,7.0
1607091423.7026,9.0
1607091423.7046,12.0
1607091423.7066,14.0
1607091423.7086,14.0
1607091423.7106,14.0
1607091423.7126,12.0
1607091424.1469,12.0
1607091424.1476,12.0
1607091424.15,14.0
1607091424.1528,14.0
1607091424.1546,12.0
1607091424.1566,7.0
1607091424.1588,4.0
1607091424.1607,9.0
1607091424.1627,9.0
1607091424.1646,7.0
1607091424.1667,9.0
1607091424.1687,14.0
1607091424.1707,12.0
1607091424.1713,12.0
1607091424.1726,12.0
1607091424.1746,14.0
1607091424.1766,12.0
1607091424.1786,12.0
1607091424.1807,12.0
1607091424.1826,14.0
1607091424.1846,14.0
1607091424.1866,16.0
1607091424.1886,14.0
1607091424.1907,9.0
1607091424.1926,9.0
1607091424.1948,14.0
1607091424.1967,16.0
1607091424.1986,14.0
1607091424.2007,12.0
1607091424.2012,9.0
1607091424.2026,12.0
1607091424.2046,12.0
1607091424.2068,9.0
1607091424.2087,4.0
1607091424.2107,-2.0
1607091424.2126,2.0
1607091424.2146,26.0
1607091424.2166,43.0
1607091424.2186,38.0
1607091424.2206,28.0
1607091424.2226,19.0
1607091424.2246,12.0
1607091424.2266,7.0
1607091424.2286,9.0
1607091424.2307,9.0
1607091424.2312,9.0
1607091424.2326,12.0
1607091424.2346,12.0
1607091424.2366,9.0
1607091424.2386,-4.0
1607091424.2406,-7.0
1607091424.2426,91.0
1607091424.2446,358.0
1607091424.2466,692.0
1607091424.2486,769.0
1607091424.2507,334.0
1607091424.2526,-189.0
1607091424.2546,-177.0
1607091424.2566,28.0
1607091424.2586,-43.0
1607091424.2606,-115.0
1607091424.2612,-50.0
1607091424.2626,-45.0
1607091424.2646,-69.0
1607091424.2666,-48.0
1607091424.2686,-36.0
1607091424.2706,-43.0
1607091424.2726,-31.0
1607091424.2746,-14.0
1607091424.2766,-14.0
1607091424.2786,-14.0
1607091424.2807,-7.0
1607091424.2826,-4.0
1607091424.687,2.0
1607091424.6879,7.0
1607091424.6896,12.0
1607091424.6918,16.0
1607091424.6936,24.0
1607091424.6956,28.0
1607091424.6976,28.0
1607091424.6996,33.0
1607091424.7006,48.0
1607091424.7013,62.0
1607091424.7035,69.0
1607091424.7054,81.0
1607091424.7074,101.0
1607091424.7088,117.0
1607091424.7106,127.0
1607091424.7125,141.0
1607091424.7145,153.0
1607091424.7165,158.0
1607091424.7185,156.0
1607091424.7205,141.0
1607091424.721,117.0
1607091424.7226,79.0
1607091424.7246,36.0
1607091424.7264,7.0
1607091424.7284,-16.0
1607091424.7304,-38.0
1607091424.7324,-60.0
1607091424.7344,-72.0
1607091424.7364,-74.0
1607091424.7384,-79.0
1607091424.7404,-76.0
1607091424.7424,-64.0
1607091424.7444,-55.0
1607091424.7464,-57.0
1607091424.7484,-60.0
1607091424.7504,-55.0
1607091424.751,-45.0
1607091424.7524,-38.0
1607091424.7544,-36.0
1607091424.7564,-33.0
1607091424.7584,-31.0
1607091424.7604,-28.0
1607091424.7624,-26.0
1607091424.7644,-21.0
1607091424.7664,-19.0
1607091424.7684,-21.0
1607091424.7704,-19.0
1607091424.7724,-16.0
1607091424.7744,-19.0
1607091424.7764,-19.0
1607091424.7784,-14.0
1607091424.7804,-9.0
1607091424.781,-9.0
1607091424.7824,-12.0
1607091424.7846,-12.0
1607091424.7865,-7.0
1607091424.7884,-7.0
1607091424.7904,-7.0
1607091424.7924,-7.0
1607091424.7944,-9.0
1607091424.7964,-9.0
1607091424.7984,-4.0
1607091424.8004,0.0
1607091424.8024,2.0
1607091424.8044,0.0
1607091424.8064,0.0
1607091424.8084,2.0
1607091424.8104,2.0
1607091424.811,2.0
1607091424.8124,4.0
1607091424.8144,7.0
1607091424.8164,7.0
1607091424.8184,7.0
1607091425.2871,7.0
1607091425.288,4.0
1607091425.2905,2.0
1607091425.2931,-4.0
1607091425.2951,-12.0
1607091425.2971,-7.0
1607091425.2991,0.0
1607091425.3011,-2.0
1607091425.3017,0.0
1607091425.303,2.0
1607091425.305,2.0
1607091425.307,2.0
1607091425.309,2.0
1607091425.3111,4.0
1607091425.313,2.0
1607091425.3151,2.0
1607091425.317,2.0
1607091425.319,7.0
1607091425.3211,7.0
1607091425.323,4.0
1607091425.325,2.0
1607091425.327,0.0
1607091425.329,2.0
1607091425.331,0.0
1607091425.3316,0.0
1607091425.333,0.0
1607091425.335,0.0
1607091425.337,-2.0
1607091425.339,-2.0
1607091425.341,-2.0
1607091425.343,0.0
1607091425.345,12.0
1607091425.3472,28.0
1607091425.349,31.0
1607091425.351,24.0
1607091425.353,14.0
1607091425.355,0.0
1607091425.357,-4.0
1607091425.359,0.0
1607091425.361,2.0
1607091425.3616,2.0
1607091425.363,2.0
1607091425.365,7.0
1607091425.367,7.0
1607091425.369,-7.0
1607091425.371,-21.0
1607091425.373,60.0
1607091425.375,322.0
1607091425.377,670.0
1607091425.379,798.0
1607091425.381,396.0
1607091425.383,-175.0
1607091425.385,-221.0
1607091425.387,7.0
1607091425.389,-38.0
1607091425.391,-122.0
1607091425.3916,-57.0
1607091425.393,-43.0
1607091425.395,-76.0
1607091425.397,-55.0
1607091425.399,-38.0
1607091425.401,-48.0
1607091425.403,-40.0
1607091425.405,-24.0
1607091425.407,-28.0
1607091425.409,-31.0
1607091425.411,-21.0
1607091425.413,-9.0
1607091425.415,-7.0
1607091425.417,-2.0
1607091425.419,2.0
1607091425.421,7.0
1607091425.4216,16.0
1607091425.8567,24.0
1607091425.8576,26.0
1607091425.8601,33.0
1607091425.8627,48.0
1607091425.8647,60.0
1607091425.8666,69.0
1607091425.8687,86.0
1607091425.8707,103.0
1607091425.8726,113.0
1607091425.8746,122.0
1607091425.8769,141.0
1607091425.8787,151.0
1607091425.8807,144.0
1607091425.8826,134.0
1607091425.8846,127.0
1607091425.8853,103.0
1607091425.8866,60.0
1607091425.8886,21.0
1607091425.8907,-9.0
1607091425.8926,-36.0
1607091425.8946,-60.0
1607091425.8967,-72.0
1607091425.8986,-74.0
1607091425.9007,-76.0
1607091425.9026,-76.0
1607091425.9046,-79.0
1607091425.9066,-76.0
1607091425.9086,-72.0
1607091425.9107,-67.0
1607091425.9126,-62.0
1607091425.9146,-55.0
1607091425.9152,-50.0
1607091425.9166,-48.0
1607091425.9186,-45.0
1607091425.9207,-38.0
1607091425.9226,-31.0
1607091425.9246,-28.0
1607091425.9266,-24.0
1607091425.9286,-21.0
1607091425.9306,-16.0
1607091425.9326,-19.0
1607091425.9346,-19.0
1607091425.9366,-12.0
1607091425.9386,-9.0
1607091425.9406,-14.0
1607091425.9426,-14.0
1607091425.9446,-9.0
1607091425.9452,-9.0
1607091425.9466,-12.0
1607091425.9486,-7.0
1607091425.9506,-7.0
1607091425.9526,-7.0
1607091425.9546,-4.0
1607091425.9566,0.0
1607091425.9586,0.0
1607091425.9606,0.0
1607091425.9626,-4.0
1607091425.9646,-4.0
1607091425.9666,0.0
1607091425.9686,0.0
1607091425.9706,-2.0
1607091425.9728,2.0
1607091425.9747,4.0
1607091425.9752,4.0
1607091425.9766,7.0
1607091425.9786,9.0
1607091425.9806,9.0
1607091425.9826,7.0
1607091425.9846,9.0
1607091425.9866,14.0
1607091425.9886,14.0
1607091425.9907,12.0
1607091425.9926,9.0
1607091426.4271,12.0
1607091426.428,12.0
1607091426.4304,14.0
1607091426.4331,16.0
1607091426.4337,12.0
1607091426.4351,2.0
1607091426.4371,2.0
1607091426.4391,7.0
1607091426.4411,9.0
1607091426.443,4.0
1607091426.445,0.0
1607091426.447,4.0
1607091426.449,9.0
1607091426.4511,4.0
1607091426.453,-2.0
1607091426.455,-4.0
1607091426.457,-7.0
1607091426.459,-4.0
1607091426.4611,0.0
1607091426.463,2.0
1607091426.4636,2.0
1607091426.465,2.0
1607091426.467,4.0
1607091426.469,9.0
1607091426.4711,7.0
1607091426.473,2.0
1607091426.475,4.0
1607091426.477,7.0
1607091426.479,4.0
1607091426.4811,-2.0
1607091426.483,-7.0
1607091426.485,2.0
1607091426.487,26.0
1607091426.489,40.0
1607091426.491,38.0
1607091426.493,33.0
1607091426.4936,24.0
1607091426.495,9.0
1607091426.497,2.0
1607091426.4992,4.0
1607091426.5011,2.0
1607091426.503,2.0
1607091426.505,7.0
1607091426.507,7.0
1607091426.509,0.0
1607091426.511,-16.0
1607091426.513,-9.0
1607091426.515,113.0
1607091426.517,406.0
1607091426.519,731.0
1607091426.521,747.0
1607091426.523,266.0
1607091426.5236,-202.0
1607091426.525,-137.0
1607091426.527,28.0
1607091426.529,-69.0
1607091426.5311,-110.0
1607091426.533,-40.0
1607091426.535,-50.0
1607091426.537,-69.0
1607091426.539,-43.0
1607091426.541,-38.0
1607091426.543,-43.0
1607091426.545,-31.0
1607091426.547,-24.0
1607091426.549,-19.0
1607091426.551,-12.0
1607091426.553,-9.0
1607091426.5536,-7.0
1607091426.555,0.0
1607091426.557,0.0
1607091426.559,2.0
1607091426.561,4.0
1607091426.967,14.0
1607091426.9677,24.0
1607091426.9701,31.0
1607091426.9729,38.0
1607091426.9747,52.0
1607091426.9767,60.0
1607091426.9788,62.0
1607091426.9808,69.0
1607091426.9827,86.0
1607091426.9847,103.0
1607091426.9854,113.0
1607091426.9867,117.0
1607091426.9887,125.0
1607091426.9908,132.0
1607091426.9927,125.0
1607091426.9947,110.0
1607091426.9967,91.0
1607091426.9989,57.0
1607091427.0008,19.0
1607091427.0027,-12.0
1607091427.0047,-33.0
1607091427.0067,-52.0
1607091427.0087,-64.0
1607091427.0108,-69.0
1607091427.0127,-69.0
1607091427.0147,-67.0
1607091427.0153,-67.0
1607091427.0167,-64.0
1607091427.0187,-57.0
1607091427.0208,-52.0
1607091427.0227,-52.0
1607091427.0248,-48.0
1607091427.0267,-40.0
1607091427.0287,-36.0
1607091427.0308,-36.0
1607091427.0327,-31.0
1607091427.0347,-24.0
1607091427.0367,-21.0
1607091427.0387,-21.0
1607091427.0408,-21.0
1607091427.0427,-16.0
1607091427.0447,-14.0
1607091427.0453,-12.0
1607091427.0467,-14.0
1607091427.0487,-9.0
1607091427.0507,-4.0
1607091427.0527,-7.0
1607091427.0547,-9.0
1607091427.0567,-9.0
1607091427.0587,-4.0
1607091427.0608,-7.0
1607091427.0627,-7.0
1607091427.0648,-2.0
1607091427.0667,0.0
1607091427.0687,-2.0
1607091427.0708,0.0
1607091427.0727,2.0
1607091427.0747,0.0
1607091427.0753,2.0
1607091427.0767,4.0
1607091427.0787,7.0
1607091427.0808,4.0
1607091427.0827,2.0
1607091427.0847,0.0
1607091427.0867,2.0
1607091427.0887,4.0
1607091427.0908,2.0
1607091427.0927,4.0
1607091427.0949,9.0
1607091427.0967,12.0
1607091427.0987,9.0
1607091427.1008,9.0
1607091427.1027,9.0
1607091427.507,12.0
1607091427.5077,9.0
1607091427.5101,14.0
1607091427.513,16.0
1607091427.5148,14.0
1607091427.5167,12.0
1607091427.5188,12.0
1607091427.5208,9.0
1607091427.5227,4.0
1607091427.5247,4.0
1607091427.5267,7.0
1607091427.5287,7.0
1607091427.5307,4.0
1607091427.5327,9.0
1607091427.5347,12.0
1607091427.5354,12.0
1607091427.5367,9.0
1607091427.5387,4.0
1607091427.5408,9.0
1607091427.5427,9.0
1607091427.5447,7.0
1607091427.5467,9.0
1607091427.5487,12.0
1607091427.5507,16.0
1607091427.5527,14.0
1607091427.5547,9.0
1607091427.5567,12.0
1607091427.5587,14.0
1607091427.5608,12.0
1607091427.5627,12.0
1607091427.5647,12.0
1607091427.5653,12.0
1607091427.5667,9.0
1607091427.5687,7.0
1607091427.5708,2.0
1607091427.5727,9.0
1607091427.5747,33.0
1607091427.5767,52.0
1607091427.5787,50.0
1607091427.5807,38.0
1607091427.5827,24.0
1607091427.5847,12.0
1607091427.5867,7.0
1607091427.5887,9.0
1607091427.5907,12.0
1607091427.5927,14.0
1607091427.5949,14.0
1607091427.5953,9.0
1607091427.5967,7.0
1607091427.5987,-2.0
1607091427.6007,-2.0
1607091427.6027,98.0
1607091427.6047,370.0
1607091427.6067,704.0
1607091427.6089,781.0
1607091427.6108,346.0
1607091427.6127,-175.0
1607091427.6147,-168.0
1607091427.6167,31.0
1607091427.6187,-40.0
1607091427.6208,-108.0
1607091427.6227,-43.0
1607091427.6233,-40.0
1607091427.6247,-69.0
1607091427.6267,-45.0
1607091427.6287,-31.0
1607091427.6308,-36.0
1607091427.6327,-31.0
1607091427.6347,-19.0
1607091427.6367,-14.0
1607091427.6387,-16.0
1607091427.6408,-12.0
1607091427.6427,-4.0
1607091428.0765,4.0
1607091428.0773,12.0
1607091428.0797,19.0
1607091428.0808,24.0
1607091428.0823,26.0
1607091428.0843,28.0
1607091428.0863,33.0
1607091428.0883,40.0
1607091428.0903,52.0
1607091428.0923,62.0
1607091428.0943,74.0
1607091428.0963,91.0
1607091428.0983,108.0
1607091428.1003,122.0
1607091428.1023,134.0
1607091428.1043,151.0
1607091428.1063,161.0
1607091428.1083,163.0
1607091428.1103,158.0
1607091428.1108,144.0
1607091428.1123,117.0
1607091428.1143,79.0
1607091428.1163,43.0
1607091428.1183,14.0
1607091428.1205,-12.0
1607091428.1223,-36.0
1607091428.1242,-48.0
1607091428.1262,-55.0
1607091428.1282,-60.0
1607091428.1302,-60.0
1607091428.1323,-60.0
1607091428.1343,-57.0
1607091428.1363,-50.0
1607091428.1382,-45.0
1607091428.1402,-43.0
1607091428.1409,-36.0
1607091428.1422,-33.0
1607091428.1442,-31.0
1607091428.1463,-28.0
1607091428.1482,-24.0
1607091428.1502,-21.0
1607091428.1523,-16.0
1607091428.1542,-7.0
1607091428.1562,-7.0
1607091428.1583,-9.0
1607091428.1603,-9.0
1607091428.1623,-7.0
1607091428.1643,-9.0
1607091428.1662,-9.0
1607091428.1683,-9.0
1607091428.1703,-4.0
1607091428.1723,-7.0
1607091428.1742,-14.0
1607091428.1762,-12.0
1607091428.1783,-4.0
1607091428.1803,-2.0
1607091428.1823,-4.0
1607091428.1843,-2.0
1607091428.1863,0.0
1607091428.1883,2.0
1607091428.1903,0.0
1607091428.1923,0.0
1607091428.1943,4.0
1607091428.1963,4.0
1607091428.1983,2.0
1607091428.2002,4.0
1607091428.2023,9.0
1607091428.2043,9.0
1607091428.2063,12.0
1607091428.2083,12.0
1607091428.2102,9.0
1607091428.2123,7.0
1607091428.2143,12.0
1607091428.6767,14.0
1607091428.6777,12.0
1607091428.6804,12.0
1607091428.6828,12.0
1607091428.6848,12.0
1607091428.6867,14.0
1607091428.6889,12.0
1607091428.6908,4.0
1607091428.6927,0.0
1607091428.6947,4.0
1607091428.6967,7.0
1607091428.6987,7.0
1607091428.7008,4.0
1607091428.7027,7.0
1607091428.7047,9.0
1607091428.7067,7.0
1607091428.7087,7.0
1607091428.7108,9.0
1607091428.7127,7.0
1607091428.7147,12.0
1607091428.7167,14.0
1607091428.7187,14.0
1607091428.7208,14.0
1607091428.7227,12.0
1607091428.7247,9.0
1607091428.7267,9.0
1607091428.7287,9.0
1607091428.7308,14.0
1607091428.7327,16.0
1607091428.7347,14.0
1607091428.7367,9.0
1607091428.7387,9.0
1607091428.7408,12.0
1607091428.7427,14.0
1607091428.7446,9.0
1607091428.7467,14.0
1607091428.7487,38.0
1607091428.7507,50.0
1607091428.7527,40.0
1607091428.7547,31.0
1607091428.7567,21.0
1607091428.7587,9.0
1607091428.7608,4.0
1607091428.7626,4.0
1607091428.7647,0.0
1607091428.7667,-2.0
1607091428.7687,-4.0
1607091428.7708,0.0
1607091428.7727,-4.0
1607091428.7746,-24.0
1607091428.7767,16.0
1607091428.7787,230.0
1607091428.7807,581.0
1607091428.7828,815.0
1607091428.7847,574.0
1607091428.7866,-24.0
1607091428.7887,-262.0
1607091428.7908,-43.0
1607091428.7926,9.0
1607091428.7947,-110.0
1607091428.7967,-79.0
1607091428.7987,-31.0
1607091428.8007,-60.0
1607091428.8027,-60.0
1607091428.8047,-33.0
1607091428.8066,-33.0
1607091428.8087,-36.0
1607091428.8107,-26.0
1607091428.8126,-19.0
1607091428.8147,-16.0
1607091428.8167,-12.0
1607091428.8187,-9.0
1607091428.8207,-4.0
1607091429.2164,2.0
1607091429.2172,4.0
1607091429.2196,4.0
1607091429.2223,9.0
1607091429.2242,21.0
1607091429.2262,31.0
1607091429.2282,38.0
1607091429.2302,48.0
1607091429.2322,57.0
1607091429.2342,67.0
1607091429.2362,81.0
1607091429.2382,96.0
1607091429.2402,103.0
1607091429.2422,117.0
1607091429.2442,137.0
1607091429.2462,146.0
1607091429.2482,153.0
1607091429.2502,156.0
1607091429.2522,146.0
1607091429.2542,120.0
1607091429.2562,84.0
1607091429.2582,45.0
1607091429.2602,12.0
1607091429.2622,-19.0
1607091429.2642,-43.0
1607091429.2662,-60.0
1607091429.2682,-67.0
1607091429.2702,-72.0
1607091429.2722,-76.0
1607091429.2742,-74.0
1607091429.2762,-69.0
1607091429.2783,-67.0
1607091429.2802,-69.0
1607091429.2822,-69.0
1607091429.2842,-67.0
1607091429.2862,-64.0
1607091429.2882,-55.0
1607091429.2902,-52.0
1607091429.2922,-52.0
1607091429.2942,-45.0
1607091429.2962,-40.0
1607091429.2982,-36.0
1607091429.3002,-28.0
1607091429.3022,-28.0
1607091429.3042,-31.0
1607091429.3062,-31.0
1607091429.3082,-24.0
1607091429.3102,-19.0
1607091429.3122,-19.0
1607091429.3142,-19.0
1607091429.3162,-21.0
1607091429.3182,-24.0
1607091429.3202,-19.0
1607091429.3222,-12.0
1607091429.3242,-9.0
1607091429.3262,-12.0
1607091429.3282,-14.0
1607091429.3302,-12.0
1607091429.3322,-12.0
1607091429.3342,-12.0
1607091429.3362,-9.0
1607091429.3382,-7.0
1607091429.3402,-7.0
1607091429.3422,-4.0
1607091429.3442,0.0
1607091429.3462,0.0
1607091429.3482,-7.0
1607091429.3502,-9.0
1607091429.3522,-7.0
1607091429.3542,-4.0
1607091429.3562,-4.0
1607091429.3582,0.0
1607091429.3602,4.0
1607091429.7565,4.0
1607091429.7572,4.0
1607091429.7596,4.0
1607091429.7623,7.0
1607091429.7643,7.0
1607091429.7663,4.0
1607091429.7683,4.0
1607091429.7703,2.0
1607091429.7723,0.0
1607091429.7745,0.0
1607091429.7763,0.0
1607091429.7783,0.0
1607091429.7803,-2.0
1607091429.7822,-2.0
1607091429.7842,2.0
1607091429.7862,7.0
1607091429.7882,4.0
1607091429.7902,2.0
1607091429.7923,0.0
1607091429.7942,0.0
1607091429.7962,0.0
1607091429.7982,4.0
1607091429.8002,7.0
1607091429.8023,4.0
1607091429.8042,4.0
1607091429.8062,4.0
1607091429.8082,0.0
1607091429.8102,0.0
1607091429.8123,0.0
1607091429.8142,-2.0
1607091429.8162,-4.0
1607091429.8182,2.0
1607091429.8202,16.0
1607091429.8223,31.0
1607091429.8242,38.0
1607091429.8262,36.0
1607091429.8282,21.0
1607091429.8302,4.0
1607091429.8323,4.0
1607091429.8342,4.0
1607091429.8363,2.0
1607091429.8382,-2.0
1607091429.8402,0.0
1607091429.8424,4.0
1607091429.8442,2.0
1607091429.8462,-14.0
1607091429.8482,-9.0
1607091429.8502,127.0
1607091429.8522,442.0
1607091429.8542,771.0
1607091429.8562,764.0
1607091429.8569,247.0
1607091429.8582,-230.0
1607091429.8602,-141.0
1607091429.8622,33.0
1607091429.8642,-69.0
1607091429.8662,-110.0
1607091429.8682,-38.0
1607091429.8702,-50.0
1607091429.8723,-72.0
1607091429.8744,-45.0
1607091429.8763,-33.0
1607091429.8782,-40.0
1607091429.8802,-36.0
1607091429.8822,-26.0
1607091429.8842,-19.0
1607091429.8862,-14.0
1607091429.8869,-9.0
1607091429.8882,-7.0
1607091429.8902,2.0
1607091429.8923,9.0
1607091429.8942,16.0
1607091429.8962,19.0
1607091430.4167,26.0
1607091430.4177,33.0
1607091430.4201,40.0
1607091430.4228,50.0
1607091430.4248,60.0
1607091430.4267,69.0
1607091430.4289,74.0
1607091430.4295,81.0
1607091430.4308,103.0
1607091430.4327,117.0
1607091430.4347,129.0
1607091430.4367,144.0
1607091430.4387,153.0
1607091430.4407,153.0
1607091430.4426,149.0
1607091430.4446,137.0
1607091430.4466,110.0
1607091430.4486,67.0
1607091430.4507,26.0
1607091430.4527,-7.0
1607091430.4546,-31.0
1607091430.4566,-50.0
1607091430.4586,-62.0
1607091430.4593,-69.0
1607091430.4607,-72.0
1607091430.4627,-72.0
1607091430.4646,-69.0
1607091430.4666,-64.0
1607091430.4686,-60.0
1607091430.4706,-55.0
1607091430.4726,-52.0
1607091430.4746,-48.0
1607091430.4767,-43.0
1607091430.4786,-38.0
1607091430.4807,-33.0
1607091430.4826,-33.0
1607091430.4846,-28.0
1607091430.4866,-24.0
1607091430.4888,-19.0
1607091430.4894,-16.0
1607091430.4908,-14.0
1607091430.4926,-12.0
1607091430.4946,-12.0
1607091430.4966,-12.0
1607091430.4986,-9.0
1607091430.5007,-9.0
1607091430.5026,-9.0
1607091430.5046,-7.0
1607091430.5066,-7.0
1607091430.5086,-7.0
1607091430.5107,-7.0
1607091430.5126,-4.0
1607091430.5146,-7.0
1607091430.5166,-7.0
1607091430.5186,-2.0
1607091430.5193,2.0
1607091430.5207,0.0
1607091430.5226,-2.0
1607091430.5246,2.0
1607091430.5266,4.0
1607091430.5286,2.0
1607091430.5307,2.0
1607091430.5326,7.0
1607091430.5346,12.0
1607091430.5367,12.0
1607091430.5387,7.0
1607091430.5407,4.0
1607091430.5428,9.0
1607091430.5448,14.0
1607091430.5467,14.0
1607091430.5487,12.0
1607091430.5492,14.0
1607091430.5508,14.0
1607091430.8668,12.0
1607091430.8674,14.0
1607091430.8698,16.0
1607091430.8725,16.0
1607091430.8745,16.0
1607091430.8764,19.0
1607091430.8785,16.0
1607091430.8805,16.0
1607091430.8825,16.0
1607091430.8844,19.0
1607091430.8865,16.0
1607091430.8885,9.0
1607091430.8905,7.0
1607091430.8924,9.0
1607091430.8931,9.0
1607091430.8944,4.0
1607091430.8967,4.0
1607091430.8985,4.0
1607091430.9004,0.0
1607091430.9025,-7.0
1607091430.9044,-7.0
1607091430.9064,-2.0
1607091430.9084,-2.0
1607091430.9104,-2.0
1607091430.9124,0.0
1607091430.9145,2.0
1607091430.9164,2.0
1607091430.9184,4.0
1607091430.9204,4.0
1607091430.9224,2.0
1607091430.9231,4.0
1607091430.9244,7.0
1607091430.9264,9.0
1607091430.9284,9.0
1607091430.9304,4.0
1607091430.9324,0.0
1607091430.9344,2.0
1607091430.9364,4.0
1607091430.9385,14.0
1607091430.9404,28.0
1607091430.9424,36.0
1607091430.9444,31.0
1607091430.9465,21.0
1607091430.9484,9.0
1607091430.9504,0.0
1607091430.9524,0.0
1607091430.9531,0.0
1607091430.9544,0.0
1607091430.9566,2.0
1607091430.9585,4.0
1607091430.9604,4.0
1607091430.9625,-4.0
1607091430.9644,-19.0
1607091430.9664,36.0
1607091430.9684,271.0
1607091430.9704,632.0
1607091430.9724,846.0
1607091430.9745,565.0
1607091430.9764,-40.0
1607091430.9784,-235.0
1607091430.9804,-19.0
1607091430.9824,-4.0
1607091430.9831,-113.0
1607091430.9844,-67.0
1607091430.9864,-31.0
1607091430.9884,-64.0
1607091430.9904,-57.0
1607091430.9926,-33.0
1607091430.9945,-36.0
1607091430.9964,-31.0
1607091430.9984,-19.0
1607091431.0004,-21.0
1607091431.0024,-24.0
1607091431.4365,-12.0
1607091431.4373,-4.0
1607091431.4396,-2.0
1607091431.4408,0.0
1607091431.4423,-4.0
1607091431.4443,-12.0
1607091431.4463,0.0
1607091431.4483,14.0
1607091431.4503,21.0
1607091431.4523,28.0
1607091431.4543,36.0
1607091431.4563,45.0
1607091431.4583,60.0
1607091431.4603,74.0
1607091431.4622,88.0
1607091431.4642,105.0
1607091431.4662,122.0
1607091431.4683,134.0
1607091431.4702,144.0
1607091431.4709,153.0
1607091431.4722,158.0
1607091431.4742,149.0
1607091431.4762,127.0
1607091431.4782,101.0
1607091431.4802,62.0
1607091431.4822,21.0
1607091431.4842,-7.0
1607091431.4863,-28.0
1607091431.4882,-45.0
1607091431.4902,-55.0
1607091431.4923,-57.0
1607091431.4942,-62.0
1607091431.4963,-62.0
1607091431.4982,-57.0
1607091431.5002,-57.0
1607091431.5009,-55.0
1607091431.5022,-50.0
1607091431.5042,-45.0
1607091431.5062,-40.0
1607091431.5083,-36.0
1607091431.5103,-33.0
1607091431.5123,-31.0
1607091431.5142,-24.0
1607091431.5162,-21.0
1607091431.5182,-19.0
1607091431.5204,-14.0
1607091431.5223,-14.0
1607091431.5242,-14.0
1607091431.5262,-12.0
1607091431.5282,-7.0
1607091431.5303,-4.0
1607091431.531,-9.0
1607091431.5322,-7.0
1607091431.5342,-2.0
1607091431.5362,-4.0
1607091431.5382,-4.0
1607091431.5402,-2.0
1607091431.5423,-2.0
1607091431.5442,-2.0
1607091431.5462,0.0
1607091431.5482,2.0
1607091431.5502,4.0
1607091431.5523,4.0
1607091431.5543,0.0
1607091431.5562,-2.0
1607091431.5582,2.0
1607091431.5602,4.0
1607091431.5686,2.0
1607091431.5703,2.0
1607091431.5723,4.0
1607091431.5742,0.0
1607091431.5762,-7.0
1607091431.5782,-4.0
1607091432.0363,2.0
1607091432.037,2.0
1607091432.038,2.0
1607091432.04,4.0
1607091432.0421,7.0
1607091432.044,2.0
1607091432.0447,-4.0
1607091432.0459,-4.0
1607091432.0481,-2.0
1607091432.05,-2.0
1607091432.052,-2.0
1607091432.0541,2.0
1607091432.056,7.0
1607091432.058,7.0
1607091432.06,2.0
1607091432.062,2.0
1607091432.064,7.0
1607091432.066,7.0
1607091432.0679,7.0
1607091432.0699,12.0
1607091432.072,12.0
1607091432.074,4.0
1607091432.0746,2.0
1607091432.0761,4.0
1607091432.078,4.0
1607091432.08,4.0
1607091432.082,4.0
1607091432.084,7.0
1607091432.0859,4.0
1607091432.0879,7.0
1607091432.09,9.0
1607091432.092,9.0
1607091432.0939,7.0
1607091432.0959,4.0
1607091432.098,9.0
1607091432.1,12.0
1607091432.102,12.0
1607091432.104,12.0
1607091432.1047,14.0
1607091432.107,14.0
1607091432.109,12.0
1607091432.111,7.0
1607091432.1129,4.0
1607091432.115,2.0
1607091432.1169,7.0
1607091432.1189,24.0
1607091432.121,38.0
1607091432.123,36.0
1607091432.1249,21.0
1607091432.1269,12.0
1607091432.1289,4.0
1607091432.131,2.0
1607091432.1329,2.0
1607091432.135,2.0
1607091432.1357,0.0
1607091432.138,0.0
1607091432.1399,2.0
1607091432.142,-2.0
1607091432.1439,-14.0
1607091432.1461,-2.0
1607091432.148,139.0
1607091432.15,452.0
1607091432.152,762.0
1607091432.154,709.0
1607091432.1559,177.0
1607091432.158,-235.0
1607091432.16,-115.0
1607091432.162,24.0
1607091432.1639,-84.0
1607091432.1659,-103.0
1607091432.1667,-36.0
1607091432.169,-50.0
1607091432.171,-64.0
1607091432.5764,-43.0
1607091432.5774,-40.0
1607091432.5796,-45.0
1607091432.5823,-31.0
1607091432.5842,-21.0
1607091432.5862,-19.0
1607091432.5884,-12.0
1607091432.5902,-7.0
1607091432.5922,-4.0
1607091432.5942,0.0
1607091432.5962,4.0
1607091432.5982,2.0
1607091432.6002,2.0
1607091432.601,9.0
1607091432.6032,14.0
1607091432.6053,24.0
1607091432.6072,36.0
1607091432.6092,45.0
1607091432.6112,55.0
1607091432.6132,67.0
1607091432.6152,81.0
1607091432.6172,96.0
1607091432.6192,113.0
1607091432.6212,127.0
1607091432.6232,139.0
1607091432.6252,149.0
1607091432.6272,149.0
1607091432.6292,144.0
1607091432.6312,132.0
1607091432.6319,105.0
1607091432.6342,67.0
1607091432.6362,28.0
1607091432.6382,-2.0
1607091432.6402,-26.0
1607091432.6422,-45.0
1607091432.6442,-60.0
1607091432.6462,-62.0
1607091432.6482,-62.0
1607091432.6502,-67.0
1607091432.6522,-64.0
1607091432.6542,-57.0
1607091432.6562,-52.0
1607091432.6582,-52.0
1607091432.6602,-48.0
1607091432.6622,-40.0
1607091432.6629,-40.0
1607091432.6642,-43.0
1607091432.6662,-38.0
1607091432.6682,-28.0
1607091432.6702,-26.0
1607091432.6722,-28.0
1607091432.6742,-26.0
1607091432.6763,-21.0
1607091432.6782,-19.0
1607091432.6802,-19.0
1607091432.6822,-21.0
1607091432.6842,-26.0
1607091432.6862,-26.0
1607091432.6882,-21.0
1607091432.6902,-16.0
1607091432.6922,-16.0
1607091432.6929,-16.0
1607091432.6952,-19.0
1607091432.6972,-16.0
1607091432.6992,-14.0
1607091432.7012,-12.0
1607091432.7032,-9.0
1607091432.7052,-7.0
1607091432.7072,-4.0
1607091432.7092,-4.0
1607091432.7112,-4.0
1607091432.7132,-2.0
1607091432.7152,-2.0
1607091433.1469,0.0
1607091433.1477,0.0
1607091433.1493,4.0
1607091433.1518,4.0
1607091433.1537,2.0
1607091433.1557,2.0
1607091433.1577,4.0
1607091433.1598,2.0
1607091433.1618,-4.0
1607091433.1637,-7.0
1607091433.1657,-2.0
1607091433.1677,0.0
1607091433.1697,0.0
1607091433.1717,2.0
1607091433.1737,2.0
1607091433.1756,2.0
1607091433.1777,4.0
1607091433.1797,7.0
1607091433.1803,9.0
1607091433.1817,9.0
1607091433.1837,7.0
1607091433.1857,4.0
1607091433.1876,4.0
1607091433.1897,7.0
1607091433.1917,9.0
1607091433.1937,7.0
1607091433.1957,9.0
1607091433.1976,9.0
1607091433.1997,9.0
1607091433.2017,12.0
1607091433.2039,14.0
1607091433.2058,14.0
1607091433.2077,14.0
1607091433.2096,16.0
1607091433.2103,16.0
1607091433.2117,16.0
1607091433.2137,14.0
1607091433.2157,12.0
1607091433.2177,16.0
1607091433.2197,16.0
1607091433.2217,14.0
1607091433.2236,12.0
1607091433.2256,12.0
1607091433.2277,9.0
1607091433.2297,7.0
1607091433.2317,4.0
1607091433.2337,2.0
1607091433.2357,2.0
1607091433.2376,2.0
1607091433.2397,9.0
1607091433.2403,28.0
1607091433.2417,40.0
1607091433.2437,36.0
1607091433.2456,26.0
1607091433.2477,12.0
1607091433.2497,-2.0
1607091433.2517,0.0
1607091433.2537,4.0
1607091433.2558,7.0
1607091433.2577,7.0
1607091433.2597,9.0
1607091433.2617,9.0
1607091433.2637,2.0
1607091433.2656,-9.0
1607091433.2677,28.0
1607091433.2697,218.0
1607091433.2703,555.0
1607091433.2717,800.0
1607091433.2737,596.0
1607091433.2757,19.0
1607091433.2776,-240.0
1607091433.2797,-43.0
1607091433.2817,14.0
1607091433.6869,-98.0
1607091433.6877,-74.0
1607091433.6901,-26.0
1607091433.6929,-55.0
1607091433.6948,-52.0
1607091433.6967,-31.0
1607091433.6988,-33.0
1607091433.7008,-28.0
1607091433.7016,-14.0
1607091433.7028,-19.0
1607091433.7047,-26.0
1607091433.7067,-16.0
1607091433.7087,-4.0
1607091433.7108,0.0
1607091433.7127,2.0
1607091433.7147,7.0
1607091433.7167,14.0
1607091433.7187,21.0
1607091433.7208,26.0
1607091433.7227,36.0
1607091433.7247,40.0
1607091433.7267,48.0
1607091433.7287,64.0
1607091433.7307,76.0
1607091433.7314,84.0
1607091433.7328,98.0
1607091433.7347,115.0
1607091433.7367,129.0
1607091433.7387,139.0
1607091433.7408,151.0
1607091433.7427,158.0
1607091433.7447,153.0
1607091433.7467,149.0
1607091433.7487,132.0
1607091433.7507,101.0
1607091433.7527,64.0
1607091433.7547,26.0
1607091433.7567,-7.0
1607091433.7587,-24.0
1607091433.7593,-40.0
1607091433.7608,-64.0
1607091433.7627,-79.0
1607091433.7647,-72.0
1607091433.7667,-62.0
1607091433.7687,-62.0
1607091433.7707,-60.0
1607091433.7727,-55.0
1607091433.7747,-52.0
1607091433.7767,-50.0
1607091433.7787,-45.0
1607091433.7808,-38.0
1607091433.7827,-31.0
1607091433.7847,-28.0
1607091433.7868,-31.0
1607091433.7887,-28.0
1607091433.7894,-24.0
1607091433.7908,-19.0
1607091433.7927,-16.0
1607091433.7947,-9.0
1607091433.7969,-14.0
1607091433.7988,-24.0
1607091433.8007,-24.0
1607091433.8027,-14.0
1607091433.8047,-12.0
1607091433.8067,-12.0
1607091433.8087,-9.0
1607091433.8108,-9.0
1607091433.8127,-14.0
1607091433.8147,-9.0
1607091433.8167,-4.0
1607091433.8187,-7.0
1607091433.8194,-4.0
1607091433.8208,-2.0
1607091434.2569,-2.0
1607091434.2577,-2.0
1607091434.2601,0.0
1607091434.2628,0.0
1607091434.2647,0.0
1607091434.2668,0.0
1607091434.2688,-2.0
1607091434.2708,-4.0
1607091434.2727,-2.0
1607091434.2747,-2.0
1607091434.2767,-4.0
1607091434.2788,-2.0
1607091434.2794,0.0
1607091434.2808,0.0
1607091434.2827,0.0
1607091434.2847,0.0
1607091434.2867,-2.0
1607091434.2887,0.0
1607091434.2908,4.0
1607091434.2927,4.0
1607091434.2947,2.0
1607091434.2967,7.0
1607091434.2987,7.0
1607091434.3007,2.0
1607091434.3027,4.0
1607091434.3047,4.0
1607091434.3067,7.0
1607091434.3087,9.0
1607091434.3093,9.0
1607091434.3108,7.0
1607091434.3127,9.0
1607091434.3147,14.0
1607091434.3167,16.0
1607091434.3187,7.0
1607091434.3208,0.0
1607091434.3227,0.0
1607091434.3247,7.0
1607091434.3269,7.0
1607091434.3287,4.0
1607091434.3307,4.0
1607091434.3327,7.0
1607091434.3347,0.0
1607091434.3367,-4.0
1607091434.3387,-2.0
1607091434.3393,-4.0
1607091434.3407,-9.0
1607091434.3427,-2.0
1607091434.3447,21.0
1607091434.3468,38.0
1607091434.3487,36.0
1607091434.3507,28.0
1607091434.3527,19.0
1607091434.3547,4.0
1607091434.3567,-2.0
1607091434.3586,0.0
1607091434.3608,4.0
1607091434.3627,2.0
1607091434.3647,0.0
1607091434.3667,2.0
1607091434.3687,4.0
1607091434.3693,-4.0
1607091434.3707,2.0
1607091434.3727,127.0
1607091434.3747,435.0
1607091434.3767,764.0
1607091434.3787,745.0
1607091434.3807,211.0
1607091434.3827,-254.0
1607091434.3847,-141.0
1607091434.3867,40.0
1607091434.3887,-62.0
1607091434.3908,-98.0
1607091434.3927,-26.0
1607091434.797,-40.0
1607091434.7977,-60.0
1607091434.7993,-28.0
1607091434.8018,-24.0
1607091434.8037,-33.0
1607091434.8057,-24.0
1607091434.8077,-14.0
1607091434.8098,-14.0
1607091434.8118,-14.0
1607091434.8137,-9.0
1607091434.8157,-7.0
1607091434.8177,-4.0
1607091434.8197,-2.0
1607091434.8217,4.0
1607091434.8237,12.0
1607091434.8258,19.0
1607091434.8277,28.0
1607091434.8297,36.0
1607091434.8303,43.0
1607091434.8317,55.0
1607091434.8337,72.0
1607091434.8357,84.0
1607091434.8377,101.0
1607091434.8397,115.0
1607091434.8417,127.0
1607091434.8437,141.0
1607091434.8457,151.0
1607091434.8464,156.0
1607091434.8487,158.0
1607091434.8507,156.0
1607091434.8526,137.0
1607091434.8547,105.0
1607091434.8567,67.0
1607091434.8573,31.0
1607091434.8586,-7.0
1607091434.8607,-31.0
1607091434.8626,-48.0
1607091434.8646,-62.0
1607091434.8666,-72.0
1607091434.8687,-69.0
1607091434.8707,-67.0
1607091434.8727,-69.0
1607091434.8746,-67.0
1607091434.8766,-60.0
1607091434.8786,-57.0
1607091434.8807,-57.0
1607091434.8826,-55.0
1607091434.8846,-45.0
1607091434.8866,-36.0
1607091434.8873,-33.0
1607091434.8886,-31.0
1607091434.8907,-28.0
1607091434.8927,-26.0
1607091434.8948,-21.0
1607091434.8967,-19.0
1607091434.8987,-16.0
1607091434.9007,-12.0
1607091434.9026,-12.0
1607091434.9047,-16.0
1607091434.9067,-14.0
1607091434.9086,-7.0
1607091434.9108,-9.0
1607091434.9127,-14.0
1607091434.9146,-9.0
1607091434.9167,-4.0
1607091434.9173,-7.0
1607091434.9189,-9.0
1607091434.9208,-7.0
1607091434.9227,-2.0
1607091434.9247,-2.0
1607091434.9267,-4.0
1607091434.9287,-2.0
1607091434.9307,2.0
1607091435.427,0.0
1607091435.4278,-2.0
1607091435.4301,2.0
1607091435.4318,4.0
1607091435.4338,0.0
1607091435.4344,-4.0
1607091435.4358,-9.0
1607091435.4378,-4.0
1607091435.4398,0.0
1607091435.4419,-2.0
1607091435.4438,0.0
1607091435.4458,7.0
1607091435.4478,2.0
1607091435.4498,-2.0
1607091435.4518,2.0
1607091435.4538,4.0
1607091435.4558,7.0
1607091435.4578,7.0
1607091435.4598,4.0
1607091435.4618,0.0
1607091435.4638,2.0
1607091435.4644,7.0
1607091435.4658,7.0
1607091435.4678,7.0
1607091435.4698,2.0
1607091435.4718,0.0
1607091435.4738,4.0
1607091435.4758,7.0
1607091435.4778,4.0
1607091435.4798,4.0
1607091435.4819,9.0
1607091435.4838,14.0
1607091435.4857,12.0
1607091435.4878,4.0
1607091435.4897,4.0
1607091435.4918,9.0
1607091435.4937,12.0
1607091435.4944,12.0
1607091435.4957,12.0
1607091435.4977,9.0
1607091435.4998,7.0
1607091435.5018,9.0
1607091435.5038,14.0
1607091435.5057,9.0
1607091435.5079,4.0
1607091435.5098,2.0
1607091435.5118,4.0
1607091435.5137,19.0
1607091435.5157,36.0
1607091435.5177,40.0
1607091435.5197,40.0
1607091435.5218,33.0
1607091435.5238,19.0
1607091435.5244,9.0
1607091435.5257,7.0
1607091435.5278,7.0
1607091435.5297,9.0
1607091435.5318,9.0
1607091435.5338,12.0
1607091435.5358,16.0
1607091435.5377,7.0
1607091435.5397,-9.0
1607091435.5418,38.0
1607091435.5437,247.0
1607091435.5458,591.0
1607091435.5478,815.0
1607091435.5497,572.0
1607091435.5517,-16.0
1607091435.5538,-245.0
1607091435.5544,-33.0
1607091435.5557,12.0
1607091435.5577,-98.0
1607091435.5598,-64.0
1607091435.937,-24.0
1607091435.9382,-57.0
1607091435.9406,-55.0
1607091435.9423,-33.0
1607091435.9443,-33.0
1607091435.9463,-31.0
1607091435.9483,-21.0
1607091435.9503,-19.0
1607091435.9524,-14.0
1607091435.9543,-4.0
1607091435.9563,-2.0
1607091435.9583,-2.0
1607091435.9589,2.0
1607091435.9603,4.0
1607091435.9623,0.0
1607091435.9643,2.0
1607091435.9663,16.0
1607091435.9683,24.0
1607091435.9703,26.0
1607091435.9722,38.0
1607091435.9742,52.0
1607091435.9762,67.0
1607091435.9784,81.0
1607091435.9803,96.0
1607091435.9822,108.0
1607091435.9842,120.0
1607091435.9862,137.0
1607091435.9882,149.0
1607091435.9888,153.0
1607091435.9902,151.0
1607091435.9922,146.0
1607091435.9942,129.0
1607091435.9962,93.0
1607091435.9982,52.0
1607091436.0002,19.0
1607091436.0022,-9.0
1607091436.0042,-33.0
1607091436.0062,-48.0
1607091436.0082,-60.0
1607091436.0102,-67.0
1607091436.0122,-67.0
1607091436.0142,-64.0
1607091436.0162,-62.0
1607091436.0182,-60.0
1607091436.0188,-57.0
1607091436.0202,-50.0
1607091436.0222,-45.0
1607091436.0242,-45.0
1607091436.0262,-38.0
1607091436.0282,-31.0
1607091436.0302,-28.0
1607091436.0322,-26.0
1607091436.0342,-26.0
1607091436.0362,-26.0
1607091436.0382,-16.0
1607091436.0402,-12.0
1607091436.0422,-19.0
1607091436.0442,-24.0
1607091436.0462,-16.0
1607091436.0482,-12.0
1607091436.0488,-14.0
1607091436.0502,-16.0
1607091436.0522,-14.0
1607091436.0542,-12.0
1607091436.0562,-9.0
1607091436.0582,-9.0
1607091436.0602,-7.0
1607091436.0622,-4.0
1607091436.0642,-4.0
1607091436.0663,-7.0
1607091436.0683,-9.0
1607091436.0702,-7.0
1607091436.0722,-2.0
1607091436.5973,0.0
1607091436.5981,0.0
1607091436.5997,2.0
1607091436.6019,0.0
1607091436.6037,-2.0
1607091436.6057,-2.0
1607091436.6077,-2.0
1607091436.6097,-7.0
1607091436.6118,-12.0
1607091436.6137,-9.0
1607091436.6157,-7.0
1607091436.6177,-7.0
1607091436.6197,-4.0
1607091436.6217,0.0
1607091436.6236,-2.0
1607091436.6243,-2.0
1607091436.6256,-2.0
1607091436.6276,0.0
1607091436.6296,0.0
1607091436.6317,0.0
1607091436.6338,2.0
1607091436.6356,2.0
1607091436.6376,4.0
1607091436.6396,7.0
1607091436.6416,7.0
1607091436.6436,9.0
1607091436.6456,7.0
1607091436.6476,7.0
1607091436.6496,7.0
1607091436.6517,4.0
1607091436.6536,4.0
1607091436.6542,7.0
1607091436.6557,9.0
1607091436.6577,9.0
1607091436.6597,9.0
1607091436.6616,9.0
1607091436.6636,9.0
1607091436.6656,9.0
1607091436.6676,12.0
1607091436.6696,12.0
1607091436.6716,14.0
1607091436.6736,14.0
1607091436.6756,12.0
1607091436.6776,9.0
1607091436.6796,12.0
1607091436.6816,12.0
1607091436.6836,14.0
1607091436.6842,12.0
1607091436.6856,9.0
1607091436.6876,4.0
1607091436.6897,2.0
1607091436.6919,2.0
1607091436.6938,9.0
1607091436.6957,24.0
1607091436.6977,36.0
1607091436.6996,36.0
1607091436.7017,31.0
1607091436.7036,19.0
1607091436.7057,4.0
1607091436.7076,0.0
1607091436.7096,0.0
1607091436.7116,0.0
1607091436.7136,2.0
1607091436.7142,4.0
1607091436.7156,4.0
1607091436.7177,2.0
1607091436.7196,-9.0
1607091436.7217,-16.0
1607091436.7236,64.0
1607091436.7256,317.0
1607091436.7276,656.0
1607091436.7296,788.0
1607091436.7316,413.0
1607091437.0469,-141.0
1607091437.0475,-209.0
1607091437.0488,7.0
1607091437.0508,-31.0
1607091437.0514,-117.0
1607091437.0527,-60.0
1607091437.0547,-45.0
1607091437.0567,-76.0
1607091437.0587,-62.0
1607091437.0608,-43.0
1607091437.0627,-48.0
1607091437.0647,-40.0
1607091437.0667,-31.0
1607091437.0688,-28.0
1607091437.0708,-21.0
1607091437.0727,-16.0
1607091437.0747,-19.0
1607091437.0767,-19.0
1607091437.0787,-12.0
1607091437.0807,-4.0
1607091437.0813,-9.0
1607091437.0828,-7.0
1607091437.0847,4.0
1607091437.0867,16.0
1607091437.0887,19.0
1607091437.0908,31.0
1607091437.0927,45.0
1607091437.0947,57.0
1607091437.0967,74.0
1607091437.0989,91.0
1607091437.1008,103.0
1607091437.1027,115.0
1607091437.1047,129.0
1607091437.1068,141.0
1607091437.1087,149.0
1607091437.1108,146.0
1607091437.1114,137.0
1607091437.1127,113.0
1607091437.1147,76.0
1607091437.1167,31.0
1607091437.1187,-7.0
1607091437.1208,-28.0
1607091437.1227,-43.0
1607091437.1247,-57.0
1607091437.1267,-69.0
1607091437.1287,-72.0
1607091437.1308,-69.0
1607091437.1327,-72.0
1607091437.1347,-72.0
1607091437.1367,-64.0
1607091437.1387,-60.0
1607091437.1408,-60.0
1607091437.1413,-55.0
1607091437.1427,-48.0
1607091437.1448,-45.0
1607091437.1468,-40.0
1607091437.1487,-33.0
1607091437.1508,-33.0
1607091437.1527,-36.0
1607091437.1548,-33.0
1607091437.1567,-31.0
1607091437.1587,-26.0
1607091437.1608,-26.0
1607091437.1627,-28.0
1607091437.1647,-26.0
1607091437.1668,-24.0
1607091437.1687,-24.0
1607091437.1708,-24.0
1607091437.1713,-24.0
1607091437.1727,-24.0
1607091437.1747,-28.0
1607091437.1768,-28.0
1607091437.1788,-21.0
1607091437.617,-16.0
1607091437.6178,-19.0
1607091437.6202,-19.0
1607091437.6228,-19.0
1607091437.6248,-21.0
1607091437.6268,-36.0
1607091437.6288,-36.0
1607091437.6311,-14.0
1607091437.6328,-2.0
1607091437.6348,-7.0
1607091437.6368,-14.0
1607091437.6375,-24.0
1607091437.6388,-24.0
1607091437.6409,-14.0
1607091437.6428,0.0
1607091437.6448,7.0
1607091437.6468,-2.0
1607091437.6488,-12.0
1607091437.6508,-7.0
1607091437.6528,0.0
1607091437.6548,-2.0
1607091437.6568,-2.0
1607091437.6588,0.0
1607091437.6607,0.0
1607091437.6628,0.0
1607091437.6648,0.0
1607091437.6668,0.0
1607091437.6674,4.0
1607091437.6688,7.0
1607091437.6708,-2.0
1607091437.6727,-4.0
1607091437.6747,2.0
1607091437.6767,4.0
1607091437.6787,9.0
1607091437.6808,9.0
1607091437.6827,-2.0
1607091437.6847,-4.0
1607091437.6867,2.0
1607091437.6888,2.0
1607091437.6908,2.0
1607091437.6928,4.0
1607091437.6947,2.0
1607091437.6967,-2.0
1607091437.6974,0.0
1607091437.6987,0.0
1607091437.7008,-4.0
1607091437.7027,-4.0
1607091437.7047,2.0
1607091437.7067,0.0
1607091437.7087,-7.0
1607091437.7108,4.0
1607091437.7129,26.0
1607091437.7147,40.0
1607091437.7167,43.0
1607091437.7187,33.0
1607091437.7208,12.0
1607091437.7227,0.0
1607091437.7248,-2.0
1607091437.7269,-7.0
1607091437.7274,-9.0
1607091437.7288,-7.0
1607091437.7308,-9.0
1607091437.7327,-9.0
1607091437.7347,-9.0
1607091437.7368,-21.0
1607091437.7387,-21.0
1607091437.7408,84.0
1607091437.7427,348.0
1607091437.7448,661.0
1607091437.7468,728.0
1607091437.7488,334.0
1607091437.7508,-139.0
1607091437.7527,-151.0
1607091438.1572,7.0
1607091438.1581,-55.0
1607091438.1605,-105.0
1607091438.1631,-45.0
1607091438.1651,-40.0
1607091438.1671,-74.0
1607091438.1691,-60.0
1607091438.1712,-45.0
1607091438.1731,-50.0
1607091438.1751,-50.0
1607091438.1771,-52.0
1607091438.1791,-45.0
1607091438.1811,-14.0
1607091438.1831,0.0
1607091438.1851,-2.0
1607091438.1871,-2.0
1607091438.1877,2.0
1607091438.1891,7.0
1607091438.1911,12.0
1607091438.1931,19.0
1607091438.1951,26.0
1607091438.1971,33.0
1607091438.1991,40.0
1607091438.2011,48.0
1607091438.2031,62.0
1607091438.2051,79.0
1607091438.2072,91.0
1607091438.2091,103.0
1607091438.2111,117.0
1607091438.2131,137.0
1607091438.215,151.0
1607091438.217,149.0
1607091438.2177,156.0
1607091438.2191,173.0
1607091438.2211,163.0
1607091438.223,120.0
1607091438.2252,84.0
1607091438.2271,50.0
1607091438.229,14.0
1607091438.2311,-14.0
1607091438.233,-36.0
1607091438.2351,-48.0
1607091438.2371,-52.0
1607091438.239,-57.0
1607091438.2411,-57.0
1607091438.2431,-55.0
1607091438.2451,-60.0
1607091438.247,-62.0
1607091438.2477,-57.0
1607091438.249,-50.0
1607091438.251,-40.0
1607091438.2531,-40.0
1607091438.2551,-45.0
1607091438.257,-43.0
1607091438.259,-36.0
1607091438.2611,-33.0
1607091438.263,-38.0
1607091438.265,-33.0
1607091438.267,-21.0
1607091438.2691,-16.0
1607091438.271,-21.0
1607091438.273,-28.0
1607091438.275,-26.0
1607091438.2771,-21.0
1607091438.2777,-16.0
1607091438.2791,-19.0
1607091438.2811,-16.0
1607091438.283,-14.0
1607091438.285,-19.0
1607091438.287,-21.0
1607091438.289,-12.0
1607091438.2911,-4.0
1607091438.2931,-7.0
1607091438.7571,-4.0
1607091438.7581,-2.0
1607091438.7605,-4.0
1607091438.7632,-7.0
1607091438.7651,-9.0
1607091438.7671,-14.0
1607091438.7678,-7.0
1607091438.7692,0.0
1607091438.7712,-4.0
1607091438.7731,-4.0
1607091438.7751,9.0
1607091438.7771,14.0
1607091438.7791,9.0
1607091438.7811,4.0
1607091438.7833,4.0
1607091438.7851,2.0
1607091438.7871,4.0
1607091438.7891,9.0
1607091438.7911,12.0
1607091438.7931,12.0
1607091438.7951,12.0
1607091438.7971,12.0
1607091438.7977,19.0
1607091438.7991,21.0
1607091438.801,16.0
1607091438.803,19.0
1607091438.8051,21.0
1607091438.807,14.0
1607091438.809,12.0
1607091438.8111,24.0
1607091438.813,33.0
1607091438.815,28.0
1607091438.8171,21.0
1607091438.819,21.0
1607091438.8211,21.0
1607091438.823,21.0
1607091438.825,16.0
1607091438.827,16.0
1607091438.8277,21.0
1607091438.829,12.0
1607091438.8311,0.0
1607091438.833,16.0
1607091438.835,45.0
1607091438.837,50.0
1607091438.839,40.0
1607091438.8411,31.0
1607091438.843,16.0
1607091438.845,7.0
1607091438.847,2.0
1607091438.849,2.0
1607091438.851,7.0
1607091438.853,7.0
1607091438.855,9.0
1607091438.857,12.0
1607091438.8576,0.0
1607091438.859,-4.0
1607091438.8611,76.0
1607091438.863,298.0
1607091438.865,603.0
1607091438.867,738.0
1607091438.869,420.0
1607091438.8711,-79.0
1607091438.873,-163.0
1607091438.875,14.0
1607091438.877,-14.0
1607091438.8792,-91.0
1607091438.8811,-50.0
1607091438.883,-38.0
1607091438.885,-60.0
1607091438.887,-50.0
1607091438.8876,-31.0
1607091438.889,-28.0
1607091438.8911,-26.0
1607091439.3272,-12.0
1607091439.3281,-12.0
1607091439.3306,-19.0
1607091439.3333,-14.0
1607091439.3352,-4.0
1607091439.3372,-2.0
1607091439.3393,2.0
1607091439.3413,19.0
1607091439.3432,19.0
1607091439.3452,12.0
1607091439.3471,14.0
1607091439.3478,21.0
1607091439.3492,24.0
1607091439.3512,45.0
1607091439.3531,74.0
1607091439.3552,84.0
1607091439.3571,86.0
1607091439.3591,98.0
1607091439.3612,115.0
1607091439.3631,125.0
1607091439.3651,134.0
1607091439.3671,149.0
1607091439.3691,151.0
1607091439.3712,149.0
1607091439.3731,141.0
1607091439.3751,113.0
1607091439.3771,74.0
1607091439.3777,45.0
1607091439.3791,16.0
1607091439.3812,-12.0
1607091439.3831,-38.0
1607091439.3851,-57.0
1607091439.3871,-57.0
1607091439.3891,-57.0
1607091439.3911,-67.0
1607091439.3931,-69.0
1607091439.3951,-62.0
1607091439.3971,-50.0
1607091439.3991,-50.0
1607091439.4011,-50.0
1607091439.4031,-40.0
1607091439.4051,-31.0
1607091439.4071,-28.0
1607091439.4079,-31.0
1607091439.4092,-28.0
1607091439.4112,-19.0
1607091439.4131,-19.0
1607091439.4151,-16.0
1607091439.4171,-14.0
1607091439.4191,-16.0
1607091439.4212,-16.0
1607091439.4231,-12.0
1607091439.4251,-12.0
1607091439.4271,-9.0
1607091439.4291,-4.0
1607091439.4312,-4.0
1607091439.4331,-7.0
1607091439.4351,-7.0
1607091439.4371,-4.0
1607091439.4377,-2.0
1607091439.4391,-2.0
1607091439.4412,2.0
1607091439.4431,2.0
1607091439.4451,0.0
1607091439.4471,2.0
1607091439.4491,9.0
1607091439.4511,9.0
1607091439.4531,4.0
1607091439.4551,4.0
1607091439.4571,12.0
1607091439.4591,16.0
1607091439.4612,16.0
1607091439.4631,14.0
1607091439.897,16.0
1607091439.8977,19.0
1607091439.8993,19.0
1607091439.9013,16.0
1607091439.9033,19.0
1607091439.9053,24.0
1607091439.9073,21.0
1607091439.9094,19.0
1607091439.9114,21.0
1607091439.9133,21.0
1607091439.9153,16.0
1607091439.9173,9.0
1607091439.9193,12.0
1607091439.9213,16.0
1607091439.9233,12.0
1607091439.9253,9.0
1607091439.9259,14.0
1607091439.9273,16.0
1607091439.9293,14.0
1607091439.9313,12.0
1607091439.9333,12.0
1607091439.9355,12.0
1607091439.9373,12.0
1607091439.9393,12.0
1607091439.9413,12.0
1607091439.9432,9.0
1607091439.9453,7.0
1607091439.9472,9.0
1607091439.9493,14.0
1607091439.9512,12.0
1607091439.9533,4.0
1607091439.9553,0.0
1607091439.9559,4.0
1607091439.9573,26.0
1607091439.9593,43.0
1607091439.9613,43.0
1607091439.9632,33.0
1607091439.9652,19.0
1607091439.9672,4.0
1607091439.9693,0.0
1607091439.9713,2.0
1607091439.9732,-2.0
1607091439.9752,-4.0
1607091439.9772,2.0
1607091439.9792,7.0
1607091439.9813,2.0
1607091439.9832,-9.0
1607091439.9852,-7.0
1607091439.9859,81.0
1607091439.9872,327.0
1607091439.9892,646.0
1607091439.9913,740.0
1607091439.9933,351.0
1607091439.9952,-156.0
1607091439.9972,-175.0
1607091439.9992,19.0
1607091440.0012,-38.0
1607091440.0032,-113.0
1607091440.0053,-60.0
1607091440.0072,-48.0
1607091440.0092,-69.0
1607091440.0113,-50.0
1607091440.0133,-38.0
1607091440.0139,-43.0
1607091440.0152,-40.0
1607091440.0173,-33.0
1607091440.0192,-28.0
1607091440.0213,-24.0
1607091440.0232,-19.0
1607091440.0253,-14.0
1607091440.0273,-7.0
1607091440.0293,0.0
1607091440.0315,2.0
1607091440.407,4.0
1607091440.4078,12.0
1607091440.4102,21.0
1607091440.4129,28.0
1607091440.4135,36.0
1607091440.4148,45.0
1607091440.4168,57.0
1607091440.4189,67.0
1607091440.4208,74.0
1607091440.4228,86.0
1607091440.4248,105.0
1607091440.4268,115.0
1607091440.4288,120.0
1607091440.4308,134.0
1607091440.4328,141.0
1607091440.4348,139.0
1607091440.4368,127.0
1607091440.4388,96.0
1607091440.4408,52.0
1607091440.4428,9.0
1607091440.4434,-21.0
1607091440.4448,-43.0
1607091440.4468,-57.0
1607091440.4488,-69.0
1607091440.4508,-79.0
1607091440.4528,-81.0
1607091440.4548,-79.0
1607091440.4568,-76.0
1607091440.4588,-72.0
1607091440.4608,-64.0
1607091440.4628,-60.0
1607091440.4648,-64.0
1607091440.4668,-60.0
1607091440.4689,-48.0
1607091440.4708,-43.0
1607091440.4728,-43.0
1607091440.4734,-40.0
1607091440.4748,-38.0
1607091440.4768,-36.0
1607091440.4788,-31.0
1607091440.4808,-28.0
1607091440.4828,-28.0
1607091440.4848,-28.0
1607091440.4868,-28.0
1607091440.4888,-21.0
1607091440.4908,-19.0
1607091440.4928,-24.0
1607091440.4948,-21.0
1607091440.4968,-19.0
1607091440.4988,-19.0
1607091440.501,-19.0
1607091440.5029,-19.0
1607091440.5034,-19.0
1607091440.5048,-16.0
1607091440.5068,-14.0
1607091440.5088,-12.0
1607091440.5109,-9.0
1607091440.5128,-4.0
1607091440.5148,-4.0
1607091440.5168,-4.0
1607091440.5188,2.0
1607091440.5208,4.0
1607091440.5228,2.0
1607091440.5248,2.0
1607091440.5268,7.0
1607091440.5289,7.0
1607091440.5308,9.0
1607091440.5328,9.0
1607091440.5334,9.0
1607091440.5348,9.0
1607091440.5368,12.0
1607091440.5388,16.0
1607091440.5408,14.0
1607091440.9769,12.0
1607091440.9775,16.0
1607091440.979,19.0
1607091440.981,19.0
1607091440.983,19.0
1607091440.985,14.0
1607091440.987,9.0
1607091440.989,9.0
1607091440.991,9.0
1607091440.993,9.0
1607091440.9936,12.0
1607091440.995,9.0
1607091440.997,2.0
1607091440.999,0.0
1607091441.001,4.0
1607091441.003,7.0
1607091441.005,4.0
1607091441.007,7.0
1607091441.009,26.0
1607091441.0111,48.0
1607091441.013,52.0
1607091441.015,48.0
1607091441.017,38.0
1607091441.019,21.0
1607091441.021,9.0
1607091441.023,12.0
1607091441.0236,16.0
1607091441.025,16.0
1607091441.0272,14.0
1607091441.0291,14.0
1607091441.031,16.0
1607091441.033,7.0
1607091441.035,7.0
1607091441.037,103.0
1607091441.039,370.0
1607091441.041,702.0
1607091441.043,774.0
1607091441.045,339.0
1607091441.0471,-177.0
1607091441.049,-168.0
1607091441.051,36.0
1607091441.053,-31.0
1607091441.0536,-98.0
1607091441.055,-31.0
1607091441.057,-26.0
1607091441.059,-55.0
1607091441.061,-33.0
1607091441.063,-19.0
1607091441.065,-24.0
1607091441.067,-19.0
1607091441.069,-7.0
1607091441.071,-7.0
1607091441.073,-7.0
1607091441.075,-2.0
1607091441.077,7.0
1607091441.079,12.0
1607091441.081,14.0
1607091441.083,19.0
1607091441.0836,21.0
1607091441.085,26.0
1607091441.087,33.0
1607091441.089,45.0
1607091441.091,50.0
1607091441.093,52.0
1607091441.095,62.0
1607091441.097,79.0
1607091441.099,91.0
1607091441.101,105.0
1607091441.103,120.0
1607091441.105,132.0
1607091441.107,141.0
1607091441.109,151.0
1607091441.111,153.0
1607091441.5472,151.0
1607091441.5481,134.0
1607091441.5496,103.0
1607091441.5503,62.0
1607091441.5528,19.0
1607091441.5546,-19.0
1607091441.5568,-52.0
1607091441.5586,-72.0
1607091441.5606,-76.0
1607091441.5626,-84.0
1607091441.5646,-91.0
1607091441.5666,-86.0
1607091441.5687,-79.0
1607091441.5697,-81.0
1607091441.5715,-79.0
1607091441.5735,-69.0
1607091441.5755,-62.0
1607091441.5775,-62.0
1607091441.5795,-57.0
1607091441.5815,-48.0
1607091441.5835,-43.0
1607091441.5857,-40.0
1607091441.5875,-38.0
1607091441.5895,-33.0
1607091441.5915,-31.0
1607091441.5935,-31.0
1607091441.5955,-31.0
1607091441.5975,-28.0
1607091441.5995,-26.0
1607091441.6001,-28.0
1607091441.6017,-28.0
1607091441.6037,-26.0
1607091441.6055,-26.0
1607091441.6076,-26.0
1607091441.6095,-28.0
1607091441.6115,-31.0
1607091441.6135,-26.0
1607091441.6155,-24.0
1607091441.6176,-21.0
1607091441.6197,-19.0
1607091441.6215,-19.0
1607091441.6235,-19.0
1607091441.6255,-19.0
1607091441.6275,-16.0
1607091441.6295,-9.0
1607091441.6301,-9.0
1607091441.6316,-14.0
1607091441.6336,-9.0
1607091441.6357,-4.0
1607091441.6375,-7.0
1607091441.6395,-9.0
1607091441.6415,-7.0
1607091441.6435,-4.0
1607091441.6455,-4.0
1607091441.6475,-4.0
1607091441.6495,-2.0
1607091441.6517,-2.0
1607091441.6537,-7.0
1607091441.6556,-7.0
1607091441.6575,-4.0
1607091441.6595,-4.0
1607091441.6601,-4.0
1607091441.6614,-2.0
1607091441.6636,-2.0
1607091441.6655,-4.0
1607091441.6676,-4.0
1607091441.6697,0.0
1607091441.6715,2.0
1607091441.6735,2.0
1607091441.6755,0.0
1607091441.6775,-7.0
1607091441.6795,-9.0
1607091441.6815,-4.0
1607091442.1169,-2.0
1607091442.1178,-2.0
1607091442.1195,-4.0
1607091442.122,-12.0
1607091442.124,-21.0
1607091442.1258,-21.0
1607091442.1278,-21.0
1607091442.1299,-24.0
1607091442.1318,-9.0
1607091442.1338,9.0
1607091442.1358,14.0
1607091442.1378,4.0
1607091442.1398,-4.0
1607091442.1418,-12.0
1607091442.1438,-19.0
1607091442.1458,-21.0
1607091442.1478,-16.0
1607091442.1498,-14.0
1607091442.1504,-14.0
1607091442.1518,-14.0
1607091442.1538,-16.0
1607091442.1558,-31.0
1607091442.1578,-31.0
1607091442.1598,79.0
1607091442.1618,355.0
1607091442.1639,680.0
1607091442.1658,731.0
1607091442.1678,283.0
1607091442.1698,-206.0
1607091442.1718,-173.0
1607091442.1738,12.0
1607091442.1758,-67.0
1607091442.1777,-122.0
1607091442.1797,-57.0
1607091442.1804,-57.0
1607091442.1819,-84.0
1607091442.1838,-62.0
1607091442.1857,-50.0
1607091442.1877,-55.0
1607091442.1897,-48.0
1607091442.1918,-38.0
1607091442.1937,-36.0
1607091442.1957,-28.0
1607091442.1977,-21.0
1607091442.1998,-14.0
1607091442.2018,-12.0
1607091442.2038,-7.0
1607091442.2058,2.0
1607091442.2079,12.0
1607091442.2098,16.0
1607091442.2103,21.0
1607091442.2119,31.0
1607091442.2139,40.0
1607091442.2158,48.0
1607091442.2179,57.0
1607091442.2198,72.0
1607091442.2218,88.0
1607091442.2238,101.0
1607091442.2257,113.0
1607091442.2277,122.0
1607091442.2297,132.0
1607091442.2317,141.0
1607091442.2338,141.0
1607091442.2359,134.0
1607091442.2378,117.0
1607091442.2397,91.0
1607091442.2404,57.0
1607091442.2417,21.0
1607091442.2437,-9.0
1607091442.2457,-36.0
1607091442.2477,-52.0
1607091442.2497,-60.0
1607091442.2517,-64.0
1607091442.7171,-74.0
1607091442.718,-76.0
1607091442.7206,-69.0
1607091442.7231,-62.0
1607091442.7251,-62.0
1607091442.7271,-62.0
1607091442.7291,-55.0
1607091442.731,-48.0
1607091442.733,-52.0
1607091442.7336,-57.0
1607091442.7352,-52.0
1607091442.737,-43.0
1607091442.739,-40.0
1607091442.7413,-40.0
1607091442.7431,-38.0
1607091442.745,-33.0
1607091442.747,-31.0
1607091442.749,-31.0
1607091442.751,-28.0
1607091442.753,-28.0
1607091442.755,-28.0
1607091442.757,-26.0
1607091442.759,-24.0
1607091442.761,-24.0
1607091442.763,-21.0
1607091442.7636,-21.0
1607091442.765,-21.0
1607091442.767,-16.0
1607091442.769,-12.0
1607091442.771,-12.0
1607091442.773,-12.0
1607091442.775,-14.0
1607091442.777,-12.0
1607091442.779,-7.0
1607091442.781,-7.0
1607091442.783,-7.0
1607091442.785,-7.0
1607091442.787,-2.0
1607091442.789,-2.0
1607091442.791,-2.0
1607091442.793,0.0
1607091442.7936,2.0
1607091442.795,4.0
1607091442.797,2.0
1607091442.799,-2.0
1607091442.801,-2.0
1607091442.803,-2.0
1607091442.805,-2.0
1607091442.807,0.0
1607091442.809,2.0
1607091442.811,4.0
1607091442.813,4.0
1607091442.815,4.0
1607091442.817,4.0
1607091442.819,7.0
1607091442.821,4.0
1607091442.823,0.0
1607091442.8236,2.0
1607091442.825,7.0
1607091442.827,4.0
1607091442.829,4.0
1607091442.831,7.0
1607091442.833,7.0
1607091442.835,4.0
1607091442.8371,4.0
1607091442.839,7.0
1607091442.841,9.0
1607091442.843,9.0
1607091442.845,9.0
1607091442.847,9.0
1607091442.849,12.0
1607091442.8509,14.0
1607091442.853,9.0
1607091443.2269,2.0
1607091443.2275,0.0
1607091443.2299,4.0
1607091443.2326,19.0
1607091443.2346,38.0
1607091443.2366,40.0
1607091443.2386,33.0
1607091443.2407,26.0
1607091443.2426,16.0
1607091443.2445,2.0
1607091443.2465,-7.0
1607091443.2486,-4.0
1607091443.2506,-2.0
1607091443.2512,-9.0
1607091443.2525,-16.0
1607091443.2545,-12.0
1607091443.2565,-9.0
1607091443.2585,-26.0
1607091443.2606,-12.0
1607091443.2625,141.0
1607091443.2645,452.0
1607091443.2665,733.0
1607091443.2685,656.0
1607091443.2706,144.0
1607091443.2725,-218.0
1607091443.2745,-93.0
1607091443.2765,9.0
1607091443.2785,-98.0
1607091443.2806,-103.0
1607091443.2811,-43.0
1607091443.2825,-67.0
1607091443.2845,-76.0
1607091443.2865,-48.0
1607091443.2886,-45.0
1607091443.2906,-50.0
1607091443.2925,-38.0
1607091443.2945,-33.0
1607091443.2965,-36.0
1607091443.2985,-26.0
1607091443.3005,-19.0
1607091443.3025,-19.0
1607091443.3045,-14.0
1607091443.3067,-7.0
1607091443.3086,0.0
1607091443.3106,4.0
1607091443.3111,12.0
1607091443.3125,19.0
1607091443.3146,24.0
1607091443.3165,24.0
1607091443.3185,31.0
1607091443.3206,48.0
1607091443.3225,57.0
1607091443.3245,67.0
1607091443.3265,81.0
1607091443.3285,96.0
1607091443.3306,108.0
1607091443.3325,117.0
1607091443.3345,125.0
1607091443.3365,129.0
1607091443.3385,125.0
1607091443.3405,103.0
1607091443.3411,72.0
1607091443.3425,40.0
1607091443.3445,7.0
1607091443.3465,-24.0
1607091443.3485,-45.0
1607091443.3505,-62.0
1607091443.3525,-74.0
1607091443.3545,-79.0
1607091443.3565,-79.0
1607091443.3585,-74.0
1607091443.3606,-72.0
1607091443.3625,-74.0
1607091443.8273,-72.0
1607091443.8284,-62.0
1607091443.8308,-55.0
1607091443.8335,-55.0
1607091443.8344,-50.0
1607091443.8355,-40.0
1607091443.8374,-43.0
1607091443.8395,-48.0
1607091443.8415,-48.0
1607091443.8434,-43.0
1607091443.8454,-36.0
1607091443.8475,-33.0
1607091443.8495,-28.0
1607091443.8515,-26.0
1607091443.8535,-26.0
1607091443.8555,-26.0
1607091443.8575,-21.0
1607091443.8595,-21.0
1607091443.8615,-26.0
1607091443.8634,-26.0
1607091443.8642,-19.0
1607091443.8654,-19.0
1607091443.8675,-21.0
1607091443.8694,-19.0
1607091443.8715,-16.0
1607091443.8734,-12.0
1607091443.8754,-9.0
1607091443.8774,-14.0
1607091443.8794,-16.0
1607091443.8814,-12.0
1607091443.8834,-12.0
1607091443.8854,-9.0
1607091443.8874,-4.0
1607091443.8894,-4.0
1607091443.8914,-4.0
1607091443.892,0.0
1607091443.8934,-2.0
1607091443.8954,-4.0
1607091443.8974,0.0
1607091443.8994,0.0
1607091443.9014,-7.0
1607091443.9034,-7.0
1607091443.9053,-7.0
1607091443.9074,-7.0
1607091443.9094,-2.0
1607091443.9114,2.0
1607091443.9133,0.0
1607091443.9154,0.0
1607091443.9173,0.0
1607091443.9193,0.0
1607091443.9214,2.0
1607091443.922,4.0
1607091443.9234,4.0
1607091443.9253,7.0
1607091443.9274,7.0
1607091443.9294,7.0
1607091443.9313,7.0
1607091443.9334,7.0
1607091443.9354,9.0
1607091443.9374,7.0
1607091443.9394,7.0
1607091443.9414,7.0
1607091443.9434,7.0
1607091443.9454,7.0
1607091443.9474,9.0
1607091443.9494,12.0
1607091443.9513,9.0
1607091443.952,9.0
1607091443.9534,12.0
1607091443.9554,12.0
1607091443.9574,9.0
1607091443.9595,12.0
1607091443.9615,12.0
1607091444.3367,9.0
1607091444.3376,4.0
1607091444.34,7.0
1607091444.3417,7.0
1607091444.3436,12.0
1607091444.3457,26.0
1607091444.3477,43.0
1607091444.3497,43.0
1607091444.3503,28.0
1607091444.3516,14.0
1607091444.3536,4.0
1607091444.3556,-2.0
1607091444.3576,-9.0
1607091444.3596,-12.0
1607091444.3616,-7.0
1607091444.3636,-4.0
1607091444.3656,-4.0
1607091444.3676,-9.0
1607091444.3696,-21.0
1607091444.3716,-28.0
1607091444.3736,62.0
1607091444.3756,317.0
1607091444.3776,642.0
1607091444.3796,740.0
1607091444.3802,355.0
1607091444.3816,-149.0
1607091444.3836,-173.0
1607091444.3856,14.0
1607091444.3876,-48.0
1607091444.3896,-120.0
1607091444.3916,-55.0
1607091444.3935,-48.0
1607091444.3956,-76.0
1607091444.3976,-57.0
1607091444.3996,-48.0
1607091444.4015,-57.0
1607091444.4036,-48.0
1607091444.4056,-36.0
1607091444.4075,-36.0
1607091444.4096,-33.0
1607091444.4102,-24.0
1607091444.4116,-21.0
1607091444.4135,-21.0
1607091444.4155,-16.0
1607091444.4176,-9.0
1607091444.4196,-2.0
1607091444.4216,0.0
1607091444.4236,4.0
1607091444.4256,16.0
1607091444.4277,28.0
1607091444.4296,36.0
1607091444.4315,40.0
1607091444.4336,52.0
1607091444.4355,72.0
1607091444.4377,88.0
1607091444.4395,101.0
1607091444.4402,113.0
1607091444.4416,122.0
1607091444.4435,132.0
1607091444.4456,134.0
1607091444.4475,129.0
1607091444.4496,115.0
1607091444.4516,93.0
1607091444.4535,62.0
1607091444.4557,26.0
1607091444.4576,-4.0
1607091444.4596,-31.0
1607091444.4616,-50.0
1607091444.4635,-57.0
1607091444.4655,-62.0
1607091444.4676,-69.0
1607091444.4695,-72.0
1607091444.4702,-69.0
1607091444.9072,-64.0
1607091444.908,-64.0
1607091444.9105,-62.0
1607091444.9131,-52.0
1607091444.9151,-50.0
1607091444.9171,-50.0
1607091444.9191,-52.0
1607091444.921,-45.0
1607091444.9231,-38.0
1607091444.9251,-36.0
1607091444.9271,-36.0
1607091444.9291,-33.0
1607091444.931,-28.0
1607091444.933,-26.0
1607091444.9336,-26.0
1607091444.935,-24.0
1607091444.937,-24.0
1607091444.939,-19.0
1607091444.941,-14.0
1607091444.943,-16.0
1607091444.945,-19.0
1607091444.947,-19.0
1607091444.949,-19.0
1607091444.951,-16.0
1607091444.953,-16.0
1607091444.955,-16.0
1607091444.957,-16.0
1607091444.9591,-14.0
1607091444.9611,-12.0
1607091444.963,-12.0
1607091444.9636,-12.0
1607091444.965,-9.0
1607091444.967,-4.0
1607091444.969,-4.0
1607091444.971,-7.0
1607091444.9729,-7.0
1607091444.975,-4.0
1607091444.977,-2.0
1607091444.979,0.0
1607091444.9809,2.0
1607091444.983,2.0
1607091444.9849,-4.0
1607091444.9869,-7.0
1607091444.9889,0.0
1607091444.991,4.0
1607091444.9929,2.0
1607091444.9936,4.0
1607091444.995,7.0
1607091444.9969,4.0
1607091444.9989,4.0
1607091445.001,7.0
1607091445.003,4.0
1607091445.005,2.0
1607091445.007,4.0
1607091445.0089,9.0
1607091445.011,9.0
1607091445.013,7.0
1607091445.015,7.0
1607091445.017,12.0
1607091445.019,14.0
1607091445.021,14.0
1607091445.0229,14.0
1607091445.0236,16.0
1607091445.025,19.0
1607091445.027,14.0
1607091445.0289,12.0
1607091445.0309,16.0
1607091445.033,19.0
1607091445.035,9.0
1607091445.037,4.0
1607091445.039,12.0
1607091445.041,14.0
1607091445.043,16.0
1607091445.5673,33.0
1607091445.5684,50.0
1607091445.5708,48.0
1607091445.5719,36.0
1607091445.5735,24.0
1607091445.5757,12.0
1607091445.5775,0.0
1607091445.5795,-7.0
1607091445.5815,-7.0
1607091445.5835,-2.0
1607091445.5855,0.0
1607091445.5875,2.0
1607091445.5895,2.0
1607091445.5915,-7.0
1607091445.5935,-19.0
1607091445.5955,21.0
1607091445.5975,214.0
1607091445.5995,545.0
1607091445.6014,786.0
1607091445.6021,555.0
1607091445.6034,-40.0
1607091445.6054,-274.0
1607091445.6074,-48.0
1607091445.6094,9.0
1607091445.6115,-108.0
1607091445.6134,-79.0
1607091445.6155,-31.0
1607091445.6174,-72.0
1607091445.6194,-72.0
1607091445.6215,-40.0
1607091445.6234,-40.0
1607091445.6254,-43.0
1607091445.6274,-33.0
1607091445.6294,-33.0
1607091445.6314,-33.0
1607091445.632,-21.0
1607091445.6334,-12.0
1607091445.6354,-9.0
1607091445.6374,-4.0
1607091445.6394,-2.0
1607091445.6415,7.0
1607091445.6434,16.0
1607091445.6454,24.0
1607091445.6474,28.0
1607091445.6494,36.0
1607091445.6514,43.0
1607091445.6534,57.0
1607091445.6554,76.0
1607091445.6574,93.0
1607091445.6594,110.0
1607091445.6614,120.0
1607091445.662,127.0
1607091445.6634,144.0
1607091445.6654,161.0
1607091445.6674,168.0
1607091445.6694,165.0
1607091445.6715,156.0
1607091445.6734,125.0
1607091445.6754,86.0
1607091445.6774,50.0
1607091445.6794,14.0
1607091445.6814,-16.0
1607091445.6834,-40.0
1607091445.6854,-57.0
1607091445.6874,-64.0
1607091445.6894,-69.0
1607091445.6914,-69.0
1607091445.692,-67.0
1607091445.6934,-64.0
1607091445.6954,-64.0
1607091445.6974,-57.0
1607091445.6994,-50.0
1607091445.7014,-48.0
1607091446.0469,-45.0
1607091446.0476,-38.0
1607091446.049,-33.0
1607091446.051,-31.0
1607091446.053,-26.0
1607091446.055,-21.0
1607091446.057,-16.0
1607091446.059,-16.0
1607091446.0596,-14.0
1607091446.061,-12.0
1607091446.0629,-12.0
1607091446.0649,-12.0
1607091446.0669,-9.0
1607091446.0689,-12.0
1607091446.071,-14.0
1607091446.0729,-21.0
1607091446.0749,-28.0
1607091446.0769,-26.0
1607091446.0789,-19.0
1607091446.0809,-21.0
1607091446.0829,-28.0
1607091446.0849,-26.0
1607091446.0869,-19.0
1607091446.0889,-19.0
1607091446.0896,-24.0
1607091446.091,-24.0
1607091446.0929,-16.0
1607091446.095,-14.0
1607091446.0969,-14.0
1607091446.0989,-12.0
1607091446.101,-9.0
1607091446.1029,-7.0
1607091446.1049,-4.0
1607091446.1069,-4.0
1607091446.1091,-2.0
1607091446.111,2.0
1607091446.1129,4.0
1607091446.1149,2.0
1607091446.1169,0.0
1607091446.1189,2.0
1607091446.1195,4.0
1607091446.121,4.0
1607091446.1229,2.0
1607091446.1249,4.0
1607091446.1269,7.0
1607091446.1289,7.0
1607091446.131,9.0
1607091446.1329,12.0
1607091446.1349,14.0
1607091446.1369,14.0
1607091446.1389,12.0
1607091446.1409,7.0
1607091446.1429,4.0
1607091446.1449,7.0
1607091446.1469,12.0
1607091446.1489,14.0
1607091446.1495,26.0
1607091446.1509,48.0
1607091446.1529,50.0
1607091446.1549,40.0
1607091446.1569,28.0
1607091446.1589,14.0
1607091446.1609,7.0
1607091446.1629,9.0
1607091446.1649,12.0
1607091446.1669,12.0
1607091446.1689,9.0
1607091446.171,12.0
1607091446.1729,14.0
1607091446.1749,7.0
1607091446.1769,-12.0
1607091446.1789,33.0
1607091446.1795,247.0
1607091446.6166,589.0
1607091446.6172,808.0
1607091446.6196,553.0
1607091446.6223,-43.0
1607091446.6243,-264.0
1607091446.6257,-38.0
1607091446.6273,9.0
1607091446.6293,-105.0
1607091446.6313,-79.0
1607091446.6333,-38.0
1607091446.6353,-72.0
1607091446.6372,-64.0
1607091446.6395,-40.0
1607091446.6413,-48.0
1607091446.6419,-50.0
1607091446.6433,-40.0
1607091446.6452,-40.0
1607091446.6473,-38.0
1607091446.6493,-28.0
1607091446.6512,-21.0
1607091446.6533,-19.0
1607091446.6552,-16.0
1607091446.6572,-9.0
1607091446.6592,2.0
1607091446.6612,7.0
1607091446.6632,12.0
1607091446.6653,16.0
1607091446.6673,28.0
1607091446.6692,40.0
1607091446.6712,50.0
1607091446.6718,64.0
1607091446.6732,81.0
1607091446.6752,93.0
1607091446.6772,110.0
1607091446.6792,127.0
1607091446.6812,139.0
1607091446.6832,151.0
1607091446.6852,158.0
1607091446.6873,153.0
1607091446.6893,139.0
1607091446.6913,110.0
1607091446.6932,69.0
1607091446.6953,33.0
1607091446.6973,0.0
1607091446.6993,-28.0
1607091446.7013,-50.0
1607091446.7019,-62.0
1607091446.7032,-72.0
1607091446.7052,-79.0
1607091446.7072,-79.0
1607091446.7092,-76.0
1607091446.7112,-74.0
1607091446.7132,-69.0
1607091446.7152,-64.0
1607091446.7172,-60.0
1607091446.7192,-57.0
1607091446.7213,-52.0
1607091446.7232,-45.0
1607091446.7253,-38.0
1607091446.7272,-33.0
1607091446.7292,-28.0
1607091446.7312,-24.0
1607091446.7318,-24.0
1607091446.7334,-24.0
1607091446.7353,-21.0
1607091446.7372,-16.0
1607091446.7392,-14.0
1607091446.7413,-16.0
1607091446.7433,-19.0
1607091446.7453,-19.0
1607091446.7472,-19.0
1607091446.7492,-19.0
1607091446.7512,-24.0
1607091447.1569,-26.0
1607091447.1576,-21.0
1607091447.1599,-16.0
1607091447.1688,-14.0
1607091447.1707,-16.0
1607091447.1726,-19.0
1607091447.1746,-19.0
1607091447.1766,-16.0
1607091447.1786,-12.0
1607091447.1807,-12.0
1607091447.1826,-19.0
1607091447.1846,-19.0
1607091447.1866,-19.0
1607091447.1886,-16.0
1607091447.1907,-16.0
1607091447.1926,-16.0
1607091447.1946,-14.0
1607091447.1966,-9.0
1607091447.1972,-12.0
1607091447.1985,-9.0
1607091447.2007,-9.0
1607091447.2026,-9.0
1607091447.2046,-4.0
1607091447.2066,-4.0
1607091447.2086,-4.0
1607091447.2107,-2.0
1607091447.2126,0.0
1607091447.2147,-2.0
1607091447.2167,-2.0
1607091447.2187,2.0
1607091447.2207,0.0
1607091447.2227,0.0
1607091447.2247,2.0
1607091447.2266,4.0
1607091447.2272,4.0
1607091447.2286,7.0
1607091447.2306,7.0
1607091447.2326,7.0
1607091447.2346,4.0
1607091447.2366,4.0
1607091447.2385,7.0
1607091447.2408,7.0
1607091447.2426,4.0
1607091447.2446,4.0
1607091447.2466,0.0
1607091447.2486,-2.0
1607091447.2507,-2.0
1607091447.2526,4.0
1607091447.2546,24.0
1607091447.2566,43.0
1607091447.2572,40.0
1607091447.2586,31.0
1607091447.2606,24.0
1607091447.2626,16.0
1607091447.2646,7.0
1607091447.2666,2.0
1607091447.2686,4.0
1607091447.2707,7.0
1607091447.2726,4.0
1607091447.2746,4.0
1607091447.2766,4.0
1607091447.2786,-7.0
1607091447.2806,-24.0
1607091447.2826,4.0
1607091447.2846,180.0
1607091447.2866,502.0
1607091447.2872,762.0
1607091447.2886,615.0
1607091447.2906,74.0
1607091447.2926,-223.0
1607091447.2946,-67.0
1607091447.2966,0.0
1607091447.2986,-113.0
1607091447.6973,-101.0
1607091447.6982,-48.0
1607091447.7007,-72.0
1607091447.7033,-74.0
1607091447.7053,-50.0
1607091447.7073,-50.0
1607091447.7094,-52.0
1607091447.7113,-48.0
1607091447.7132,-50.0
1607091447.7139,-45.0
1607091447.7162,-38.0
1607091447.7182,-36.0
1607091447.7202,-31.0
1607091447.7223,-24.0
1607091447.7242,-19.0
1607091447.7262,-14.0
1607091447.7282,-9.0
1607091447.7302,-2.0
1607091447.7322,7.0
1607091447.7344,12.0
1607091447.7362,24.0
1607091447.7382,38.0
1607091447.7402,48.0
1607091447.7422,57.0
1607091447.7442,72.0
1607091447.7449,91.0
1607091447.7472,105.0
1607091447.7492,120.0
1607091447.7512,127.0
1607091447.7532,129.0
1607091447.7552,132.0
1607091447.7572,120.0
1607091447.7592,96.0
1607091447.7612,67.0
1607091447.7632,33.0
1607091447.7653,-4.0
1607091447.7672,-33.0
1607091447.7692,-50.0
1607091447.7712,-62.0
1607091447.7732,-72.0
1607091447.7752,-74.0
1607091447.7759,-72.0
1607091447.7772,-74.0
1607091447.7792,-72.0
1607091447.7812,-67.0
1607091447.7832,-62.0
1607091447.7838,-57.0
1607091447.7862,-57.0
1607091447.7882,-52.0
1607091447.7902,-45.0
1607091447.7922,-43.0
1607091447.7943,-40.0
1607091447.7962,-33.0
1607091447.7982,-31.0
1607091447.8002,-33.0
1607091447.8022,-33.0
1607091447.8029,-33.0
1607091447.8042,-33.0
1607091447.8062,-31.0
1607091447.8082,-28.0
1607091447.8102,-28.0
1607091447.8122,-28.0
1607091447.8142,-31.0
1607091447.8162,-28.0
1607091447.8182,-28.0
1607091447.8202,-28.0
1607091447.8222,-28.0
1607091447.8242,-26.0
1607091447.8262,-26.0
1607091447.8282,-24.0
1607091447.8303,-24.0
1607091447.8323,-24.0
1607091447.833,-24.0
1607091448.267,-21.0
1607091448.2678,-19.0
1607091448.2702,-14.0
1607091448.2729,-12.0
1607091448.2749,-19.0
1607091448.2769,-28.0
1607091448.2789,-26.0
1607091448.2809,-16.0
1607091448.2828,-16.0
1607091448.2848,-19.0
1607091448.2869,-19.0
1607091448.2889,-14.0
1607091448.2895,-12.0
1607091448.2919,-12.0
1607091448.2938,-9.0
1607091448.2958,-4.0
1607091448.2978,-7.0
1607091448.2998,-12.0
1607091448.3018,-9.0
1607091448.3038,-4.0
1607091448.3058,-2.0
1607091448.3078,-4.0
1607091448.3098,-2.0
1607091448.3119,0.0
1607091448.3138,0.0
1607091448.3158,2.0
1607091448.3178,4.0
1607091448.3198,2.0
1607091448.3205,0.0
1607091448.3218,2.0
1607091448.3238,4.0
1607091448.3258,4.0
1607091448.3278,9.0
1607091448.3298,12.0
1607091448.3318,7.0
1607091448.3338,2.0
1607091448.3358,4.0
1607091448.3378,7.0
1607091448.3398,7.0
1607091448.3418,9.0
1607091448.3438,4.0
1607091448.3458,2.0
1607091448.3478,4.0
1607091448.3498,2.0
1607091448.3505,2.0
1607091448.3518,16.0
1607091448.3538,38.0
1607091448.3558,48.0
1607091448.358,40.0
1607091448.3599,24.0
1607091448.3618,9.0
1607091448.3638,7.0
1607091448.3658,0.0
1607091448.3678,-4.0
1607091448.3698,-2.0
1607091448.3719,2.0
1607091448.3738,2.0
1607091448.3758,2.0
1607091448.3778,0.0
1607091448.3798,-12.0
1607091448.3805,-4.0
1607091448.3818,113.0
1607091448.3838,389.0
1607091448.3858,697.0
1607091448.3878,721.0
1607091448.3898,271.0
1607091448.3918,-175.0
1607091448.3938,-120.0
1607091448.3958,28.0
1607091448.3978,-64.0
1607091448.3998,-103.0
1607091448.4018,-38.0
1607091448.4038,-52.0
1607091448.8672,-69.0
1607091448.8682,-40.0
1607091448.8706,-38.0
1607091448.8718,-48.0
1607091448.8733,-33.0
1607091448.8752,-24.0
1607091448.8773,-33.0
1607091448.8793,-31.0
1607091448.8812,-19.0
1607091448.8832,-16.0
1607091448.8852,-16.0
1607091448.8872,-12.0
1607091448.8892,-7.0
1607091448.8913,-2.0
1607091448.8933,0.0
1607091448.8952,2.0
1607091448.8972,14.0
1607091448.8993,24.0
1607091448.9013,31.0
1607091448.9019,45.0
1607091448.9032,62.0
1607091448.9052,74.0
1607091448.9072,84.0
1607091448.9092,101.0
1607091448.9113,117.0
1607091448.9132,127.0
1607091448.9155,132.0
1607091448.9172,137.0
1607091448.9192,129.0
1607091448.9212,113.0
1607091448.9232,86.0
1607091448.9252,55.0
1607091448.9272,19.0
1607091448.9292,-14.0
1607091448.9312,-40.0
1607091448.9319,-55.0
1607091448.9332,-62.0
1607091448.9352,-64.0
1607091448.9372,-67.0
1607091448.9392,-67.0
1607091448.9412,-67.0
1607091448.9432,-72.0
1607091448.9451,-67.0
1607091448.9471,-60.0
1607091448.9491,-60.0
1607091448.9513,-57.0
1607091448.9532,-48.0
1607091448.9551,-45.0
1607091448.9571,-43.0
1607091448.9592,-36.0
1607091448.9612,-31.0
1607091448.9618,-31.0
1607091448.9631,-26.0
1607091448.9651,-24.0
1607091448.9672,-21.0
1607091448.9691,-16.0
1607091448.9712,-14.0
1607091448.9731,-14.0
1607091448.9751,-14.0
1607091448.9772,-12.0
1607091448.9791,-12.0
1607091448.9811,-14.0
1607091448.9831,-14.0
1607091448.9852,-9.0
1607091448.9871,-7.0
1607091448.9891,-9.0
1607091448.9912,-7.0
1607091448.9918,-2.0
1607091448.9932,-2.0
1607091448.9951,-2.0
1607091448.9972,2.0
1607091448.9992,7.0
1607091449.0013,4.0
1607091449.407,4.0
1607091449.4077,7.0
1607091449.41,4.0
1607091449.4127,0.0
1607091449.4149,4.0
1607091449.4168,9.0
1607091449.4188,7.0
1607091449.4208,2.0
1607091449.4214,7.0
1607091449.4227,16.0
1607091449.4247,12.0
1607091449.4267,0.0
1607091449.4287,0.0
1607091449.4307,4.0
1607091449.4327,2.0
1607091449.4347,4.0
1607091449.4367,9.0
1607091449.4387,7.0
1607091449.4407,4.0
1607091449.4427,12.0
1607091449.4447,14.0
1607091449.4467,12.0
1607091449.4488,14.0
1607091449.4507,19.0
1607091449.4513,21.0
1607091449.4527,19.0
1607091449.4547,14.0
1607091449.4566,14.0
1607091449.4586,16.0
1607091449.4607,21.0
1607091449.4627,19.0
1607091449.4646,16.0
1607091449.4667,14.0
1607091449.4686,12.0
1607091449.4707,4.0
1607091449.4727,2.0
1607091449.4746,4.0
1607091449.4766,12.0
1607091449.4787,21.0
1607091449.4806,38.0
1607091449.4813,48.0
1607091449.4826,40.0
1607091449.4846,31.0
1607091449.4866,19.0
1607091449.4886,9.0
1607091449.4907,7.0
1607091449.4926,12.0
1607091449.4946,16.0
1607091449.4966,12.0
1607091449.4987,12.0
1607091449.5007,16.0
1607091449.5027,16.0
1607091449.5046,0.0
1607091449.5066,9.0
1607091449.5086,134.0
1607091449.5108,418.0
1607091449.5115,719.0
1607091449.5127,702.0
1607091449.5147,226.0
1607091449.5166,-182.0
1607091449.5187,-93.0
1607091449.5207,40.0
1607091449.5226,-60.0
1607091449.5246,-88.0
1607091449.5267,-26.0
1607091449.5287,-38.0
1607091449.5306,-57.0
1607091449.5327,-36.0
1607091449.5346,-31.0
1607091449.5366,-36.0
1607091449.5387,-24.0
1607091449.5407,-21.0
1607091449.5413,-19.0
1607091449.9771,-7.0
1607091449.978,0.0
1607091449.9804,0.0
1607091449.9831,9.0
1607091449.9851,19.0
1607091449.9871,16.0
1607091449.9892,19.0
1607091449.9912,26.0
1607091449.9931,24.0
1607091449.9951,21.0
1607091449.9971,31.0
1607091449.9991,40.0
1607091450.0011,50.0
1607091450.003,64.0
1607091450.0037,79.0
1607091450.0051,93.0
1607091450.007,103.0
1607091450.009,117.0
1607091450.0111,129.0
1607091450.0131,141.0
1607091450.015,151.0
1607091450.0171,141.0
1607091450.019,115.0
1607091450.021,88.0
1607091450.023,52.0
1607091450.025,4.0
1607091450.027,-28.0
1607091450.029,-45.0
1607091450.031,-55.0
1607091450.033,-67.0
1607091450.0337,-74.0
1607091450.035,-74.0
1607091450.037,-69.0
1607091450.0392,-64.0
1607091450.0411,-62.0
1607091450.043,-57.0
1607091450.045,-52.0
1607091450.047,-50.0
1607091450.049,-48.0
1607091450.051,-43.0
1607091450.053,-33.0
1607091450.055,-26.0
1607091450.057,-28.0
1607091450.059,-28.0
1607091450.061,-24.0
1607091450.063,-21.0
1607091450.0636,-16.0
1607091450.065,-9.0
1607091450.067,-12.0
1607091450.069,-14.0
1607091450.071,-12.0
1607091450.073,-9.0
1607091450.075,-9.0
1607091450.077,-9.0
1607091450.079,-7.0
1607091450.081,-7.0
1607091450.083,-9.0
1607091450.085,-9.0
1607091450.087,-9.0
1607091450.089,-9.0
1607091450.091,-7.0
1607091450.093,-7.0
1607091450.0936,-7.0
1607091450.095,-4.0
1607091450.097,-2.0
1607091450.099,-2.0
1607091450.1009,0.0
1607091450.103,4.0
1607091450.105,9.0
1607091450.107,4.0
1607091450.109,2.0
1607091450.111,4.0
1607091450.113,4.0
1607091450.5773,4.0
1607091450.5782,7.0
1607091450.5807,4.0
1607091450.5818,9.0
1607091450.5833,14.0
1607091450.5853,9.0
1607091450.5873,2.0
1607091450.5894,9.0
1607091450.5914,16.0
1607091450.5933,9.0
1607091450.5952,2.0
1607091450.5975,7.0
1607091450.5993,7.0
1607091450.6013,4.0
1607091450.6033,7.0
1607091450.6052,9.0
1607091450.6073,7.0
1607091450.6092,4.0
1607091450.6113,0.0
1607091450.6119,-9.0
1607091450.6132,-9.0
1607091450.6152,-4.0
1607091450.6172,0.0
1607091450.6192,14.0
1607091450.6213,38.0
1607091450.6232,45.0
1607091450.6252,33.0
1607091450.6272,21.0
1607091450.6292,12.0
1607091450.6312,4.0
1607091450.6332,2.0
1607091450.6352,2.0
1607091450.6372,4.0
1607091450.6392,7.0
1607091450.6413,9.0
1607091450.6419,9.0
1607091450.6432,2.0
1607091450.6452,-7.0
1607091450.6472,33.0
1607091450.6492,226.0
1607091450.6513,543.0
1607091450.6532,759.0
1607091450.6552,548.0
1607091450.6572,12.0
1607091450.6592,-204.0
1607091450.6612,-24.0
1607091450.6632,12.0
1607091450.6652,-91.0
1607091450.6672,-69.0
1607091450.6692,-31.0
1607091450.6712,-55.0
1607091450.6719,-50.0
1607091450.6732,-31.0
1607091450.6752,-33.0
1607091450.6772,-28.0
1607091450.6792,-19.0
1607091450.6812,-19.0
1607091450.6832,-16.0
1607091450.6852,-7.0
1607091450.6872,0.0
1607091450.6893,0.0
1607091450.6912,4.0
1607091450.6933,14.0
1607091450.6953,19.0
1607091450.6972,16.0
1607091450.6992,21.0
1607091450.6999,28.0
1607091450.7012,38.0
1607091450.7032,50.0
1607091450.7052,57.0
1607091450.7072,67.0
1607091450.7092,76.0
1607091450.7112,93.0
1607091451.0868,108.0
1607091451.0874,122.0
1607091451.0898,132.0
1607091451.0925,144.0
1607091451.0945,151.0
1607091451.0964,144.0
1607091451.0985,129.0
1607091451.0991,108.0
1607091451.1006,74.0
1607091451.1025,33.0
1607091451.1045,2.0
1607091451.1064,-26.0
1607091451.1084,-45.0
1607091451.1105,-57.0
1607091451.1124,-67.0
1607091451.1144,-76.0
1607091451.1164,-76.0
1607091451.1184,-72.0
1607091451.1204,-67.0
1607091451.1224,-64.0
1607091451.1244,-60.0
1607091451.1264,-52.0
1607091451.1284,-48.0
1607091451.1291,-48.0
1607091451.1304,-43.0
1607091451.1324,-33.0
1607091451.1344,-31.0
1607091451.1364,-31.0
1607091451.1384,-24.0
1607091451.1404,-19.0
1607091451.1424,-21.0
1607091451.1444,-19.0
1607091451.1464,-16.0
1607091451.1484,-14.0
1607091451.1504,-14.0
1607091451.1524,-16.0
1607091451.1544,-16.0
1607091451.1564,-9.0
1607091451.1584,-7.0
1607091451.1591,-12.0
1607091451.1605,-16.0
1607091451.1624,-14.0
1607091451.1643,-9.0
1607091451.1664,-2.0
1607091451.1684,-2.0
1607091451.1704,-4.0
1607091451.1724,-4.0
1607091451.1745,-2.0
1607091451.1764,0.0
1607091451.1784,0.0
1607091451.1804,-2.0
1607091451.1824,0.0
1607091451.1844,4.0
1607091451.1864,2.0
1607091451.1884,2.0
1607091451.1891,9.0
1607091451.1904,14.0
1607091451.1924,9.0
1607091451.1945,4.0
1607091451.1964,9.0
1607091451.1984,14.0
1607091451.2005,14.0
1607091451.2024,12.0
1607091451.2044,14.0
1607091451.2064,14.0
1607091451.2084,14.0
1607091451.2104,16.0
1607091451.2124,16.0
1607091451.2144,14.0
1607091451.2164,19.0
1607091451.2184,21.0
1607091451.2191,16.0
1607091451.2214,14.0
1607091451.6272,12.0
1607091451.628,12.0
1607091451.6305,16.0
1607091451.6331,14.0
1607091451.6351,7.0
1607091451.6371,4.0
1607091451.6391,9.0
1607091451.6411,4.0
1607091451.643,-7.0
1607091451.6451,-9.0
1607091451.6471,-4.0
1607091451.6491,0.0
1607091451.6511,14.0
1607091451.6518,36.0
1607091451.6531,43.0
1607091451.6551,33.0
1607091451.657,21.0
1607091451.6591,9.0
1607091451.6613,2.0
1607091451.6632,0.0
1607091451.665,4.0
1607091451.6671,7.0
1607091451.669,4.0
1607091451.671,9.0
1607091451.6731,12.0
1607091451.675,2.0
1607091451.677,-12.0
1607091451.679,21.0
1607091451.6811,185.0
1607091451.6817,488.0
1607091451.683,740.0
1607091451.685,610.0
1607091451.687,88.0
1607091451.6891,-209.0
1607091451.6911,-55.0
1607091451.6932,19.0
1607091451.6951,-91.0
1607091451.6972,-79.0
1607091451.6991,-26.0
1607091451.7011,-55.0
1607091451.703,-62.0
1607091451.705,-33.0
1607091451.707,-28.0
1607091451.709,-33.0
1607091451.7111,-24.0
1607091451.7117,-19.0
1607091451.713,-16.0
1607091451.715,-14.0
1607091451.717,-4.0
1607091451.719,0.0
1607091451.721,4.0
1607091451.723,12.0
1607091451.725,16.0
1607091451.727,21.0
1607091451.729,28.0
1607091451.731,33.0
1607091451.733,38.0
1607091451.735,45.0
1607091451.737,52.0
1607091451.739,62.0
1607091451.741,72.0
1607091451.7417,86.0
1607091451.743,101.0
1607091451.745,113.0
1607091451.747,125.0
1607091451.749,134.0
1607091451.751,141.0
1607091451.753,144.0
1607091451.755,137.0
1607091451.7573,113.0
1607091451.7591,72.0
1607091451.761,28.0
1607091451.763,-2.0
1607091452.2268,-26.0
1607091452.2277,-48.0
1607091452.2294,-60.0
1607091452.2318,-67.0
1607091452.2338,-74.0
1607091452.2358,-79.0
1607091452.2378,-79.0
1607091452.2398,-72.0
1607091452.2417,-69.0
1607091452.2437,-64.0
1607091452.2457,-57.0
1607091452.2477,-52.0
1607091452.2497,-52.0
1607091452.2517,-48.0
1607091452.2537,-45.0
1607091452.2557,-36.0
1607091452.2577,-28.0
1607091452.2597,-28.0
1607091452.2604,-26.0
1607091452.2616,-21.0
1607091452.2637,-24.0
1607091452.2657,-26.0
1607091452.2676,-19.0
1607091452.2696,-16.0
1607091452.2717,-21.0
1607091452.2737,-21.0
1607091452.2757,-19.0
1607091452.2776,-19.0
1607091452.2796,-16.0
1607091452.2817,-14.0
1607091452.2836,-12.0
1607091452.2857,-9.0
1607091452.2876,-9.0
1607091452.2896,-4.0
1607091452.2903,-2.0
1607091452.2917,-4.0
1607091452.2936,-2.0
1607091452.2956,2.0
1607091452.2977,0.0
1607091452.2996,-2.0
1607091452.3016,4.0
1607091452.3036,4.0
1607091452.3056,4.0
1607091452.3076,4.0
1607091452.3096,9.0
1607091452.3117,12.0
1607091452.3137,9.0
1607091452.3158,9.0
1607091452.3177,12.0
1607091452.3197,14.0
1607091452.3203,16.0
1607091452.3216,16.0
1607091452.3236,12.0
1607091452.3257,7.0
1607091452.3276,9.0
1607091452.3297,9.0
1607091452.3316,9.0
1607091452.3337,12.0
1607091452.3356,16.0
1607091452.3376,16.0
1607091452.3397,12.0
1607091452.3417,12.0
1607091452.3436,12.0
1607091452.3457,4.0
1607091452.3477,4.0
1607091452.3496,9.0
1607091452.3503,9.0
1607091452.3516,9.0
1607091452.3537,14.0
1607091452.3557,16.0
1607091452.3576,16.0
1607091452.3596,9.0
1607091452.3617,7.0
1607091452.7672,9.0
1607091452.7681,14.0
1607091452.7705,16.0
1607091452.7731,31.0
1607091452.7751,52.0
1607091452.7771,52.0
1607091452.7791,43.0
1607091452.7811,33.0
1607091452.7831,24.0
1607091452.7838,14.0
1607091452.7851,9.0
1607091452.7871,4.0
1607091452.7891,4.0
1607091452.7911,4.0
1607091452.7931,2.0
1607091452.7951,7.0
1607091452.7971,4.0
1607091452.7991,-9.0
1607091452.8011,33.0
1607091452.8031,238.0
1607091452.805,572.0
1607091452.807,788.0
1607091452.8091,536.0
1607091452.8111,-45.0
1607091452.813,-245.0
1607091452.8139,-21.0
1607091452.8151,19.0
1607091452.8171,-93.0
1607091452.8191,-60.0
1607091452.821,-14.0
1607091452.823,-45.0
1607091452.825,-43.0
1607091452.827,-21.0
1607091452.829,-26.0
1607091452.831,-21.0
1607091452.833,-4.0
1607091452.835,-7.0
1607091452.837,-12.0
1607091452.839,-7.0
1607091452.8411,2.0
1607091452.8431,9.0
1607091452.8437,12.0
1607091452.845,19.0
1607091452.847,26.0
1607091452.8491,31.0
1607091452.8511,33.0
1607091452.853,38.0
1607091452.855,50.0
1607091452.857,57.0
1607091452.859,62.0
1607091452.8611,74.0
1607091452.863,96.0
1607091452.865,108.0
1607091452.867,117.0
1607091452.869,129.0
1607091452.8711,137.0
1607091452.873,141.0
1607091452.8737,149.0
1607091452.875,153.0
1607091452.877,144.0
1607091452.879,110.0
1607091452.8811,64.0
1607091452.883,26.0
1607091452.885,-2.0
1607091452.887,-33.0
1607091452.889,-55.0
1607091452.8911,-69.0
1607091452.893,-76.0
1607091452.895,-81.0
1607091452.897,-81.0
1607091452.899,-74.0
1607091452.9011,-69.0
1607091452.903,-67.0
1607091453.3367,-69.0
1607091453.3376,-64.0
1607091453.3401,-55.0
1607091453.3429,-48.0
1607091453.3447,-48.0
1607091453.3467,-45.0
1607091453.3487,-43.0
1607091453.3507,-43.0
1607091453.3526,-45.0
1607091453.3546,-43.0
1607091453.3566,-36.0
1607091453.3586,-33.0
1607091453.3607,-31.0
1607091453.3613,-33.0
1607091453.3626,-33.0
1607091453.3646,-31.0
1607091453.3666,-26.0
1607091453.3686,-24.0
1607091453.3707,-24.0
1607091453.3726,-24.0
1607091453.3746,-21.0
1607091453.3766,-19.0
1607091453.3786,-14.0
1607091453.3806,-14.0
1607091453.3826,-16.0
1607091453.3847,-16.0
1607091453.3866,-14.0
1607091453.3886,-12.0
1607091453.3907,-9.0
1607091453.3913,-2.0
1607091453.3926,0.0
1607091453.3946,-4.0
1607091453.3966,-7.0
1607091453.3986,-2.0
1607091453.4007,0.0
1607091453.4027,-2.0
1607091453.4046,-2.0
1607091453.4066,-4.0
1607091453.4086,-4.0
1607091453.4106,-4.0
1607091453.4127,0.0
1607091453.4146,4.0
1607091453.4166,4.0
1607091453.4186,4.0
1607091453.4207,7.0
1607091453.4214,4.0
1607091453.4237,2.0
1607091453.4257,7.0
1607091453.4277,7.0
1607091453.4297,0.0
1607091453.4316,-2.0
1607091453.4336,2.0
1607091453.4356,4.0
1607091453.4376,2.0
1607091453.4397,4.0
1607091453.4416,7.0
1607091453.4436,7.0
1607091453.4456,4.0
1607091453.4476,0.0
1607091453.4496,-2.0
1607091453.4516,2.0
1607091453.4523,7.0
1607091453.4536,24.0
1607091453.4556,45.0
1607091453.4576,50.0
1607091453.4596,43.0
1607091453.4616,26.0
1607091453.4636,14.0
1607091453.4656,9.0
1607091453.4676,7.0
1607091453.4696,7.0
1607091453.4716,9.0
1607091453.4736,7.0
1607091453.877,7.0
1607091453.8777,9.0
1607091453.8801,7.0
1607091453.8828,-7.0
1607091453.8835,9.0
1607091453.8858,158.0
1607091453.8878,464.0
1607091453.8898,757.0
1607091453.8918,692.0
1607091453.8938,161.0
1607091453.8958,-235.0
1607091453.8978,-101.0
1607091453.8997,31.0
1607091453.9018,-81.0
1607091453.9037,-93.0
1607091453.9057,-28.0
1607091453.9077,-50.0
1607091453.9097,-62.0
1607091453.9118,-38.0
1607091453.9138,-36.0
1607091453.9145,-40.0
1607091453.9158,-26.0
1607091453.9177,-16.0
1607091453.9197,-19.0
1607091453.9218,-16.0
1607091453.9237,-9.0
1607091453.9258,-2.0
1607091453.9277,0.0
1607091453.9297,2.0
1607091453.9317,7.0
1607091453.9337,12.0
1607091453.9357,16.0
1607091453.9379,24.0
1607091453.9398,33.0
1607091453.9418,43.0
1607091453.9437,52.0
1607091453.9444,62.0
1607091453.9467,79.0
1607091453.9487,96.0
1607091453.9508,110.0
1607091453.9527,120.0
1607091453.9547,127.0
1607091453.9567,141.0
1607091453.9587,149.0
1607091453.9608,146.0
1607091453.9627,132.0
1607091453.9647,110.0
1607091453.9667,79.0
1607091453.9687,38.0
1607091453.9708,0.0
1607091453.9727,-24.0
1607091453.9747,-45.0
1607091453.9754,-62.0
1607091453.9777,-69.0
1607091453.9797,-74.0
1607091453.9817,-74.0
1607091453.9838,-74.0
1607091453.9857,-72.0
1607091453.9877,-69.0
1607091453.9897,-67.0
1607091453.9917,-64.0
1607091453.9937,-60.0
1607091453.9957,-52.0
1607091453.9978,-48.0
1607091453.9997,-45.0
1607091454.0018,-40.0
1607091454.0039,-36.0
1607091454.0057,-33.0
1607091454.0064,-26.0
1607091454.0077,-21.0
1607091454.0097,-21.0
1607091454.0118,-21.0
1607091454.0137,-24.0
1607091454.4471,-24.0
1607091454.4481,-19.0
1607091454.4506,-14.0
1607091454.4532,-14.0
1607091454.4552,-16.0
1607091454.4572,-21.0
1607091454.4592,-26.0
1607091454.4613,-24.0
1607091454.4632,-19.0
1607091454.4639,-16.0
1607091454.4664,-19.0
1607091454.4683,-14.0
1607091454.4703,-12.0
1607091454.4722,-14.0
1607091454.4741,-14.0
1607091454.4761,-7.0
1607091454.4781,-4.0
1607091454.4801,-4.0
1607091454.4821,-7.0
1607091454.4842,-9.0
1607091454.4862,-4.0
1607091454.4882,0.0
1607091454.4902,-2.0
1607091454.4921,-4.0
1607091454.4942,0.0
1607091454.4961,2.0
1607091454.4981,4.0
1607091454.5001,4.0
1607091454.5021,2.0
1607091454.5041,4.0
1607091454.5062,7.0
1607091454.5081,7.0
1607091454.5101,4.0
1607091454.5121,4.0
1607091454.5141,4.0
1607091454.5161,4.0
1607091454.5181,2.0
1607091454.5201,2.0
1607091454.5221,7.0
1607091454.5241,9.0
1607091454.5261,7.0
1607091454.5281,7.0
1607091454.5301,12.0
1607091454.5321,12.0
1607091454.5341,7.0
1607091454.5361,9.0
1607091454.5381,14.0
1607091454.5401,16.0
1607091454.5421,12.0
1607091454.5441,12.0
1607091454.5461,12.0
1607091454.5481,9.0
1607091454.5501,7.0
1607091454.5521,4.0
1607091454.5541,4.0
1607091454.5561,4.0
1607091454.5581,14.0
1607091454.5601,36.0
1607091454.5621,52.0
1607091454.5641,45.0
1607091454.5661,31.0
1607091454.5683,24.0
1607091454.5702,16.0
1607091454.5721,9.0
1607091454.5741,7.0
1607091454.5761,9.0
1607091454.5781,12.0
1607091454.5801,12.0
1607091454.5821,12.0
1607091454.5841,9.0
1607091454.5861,2.0
1607091454.5881,-9.0
1607091454.5901,38.0
1607091454.987,250.0
1607091454.9876,584.0
1607091454.99,788.0
1607091454.9927,538.0
1607091454.9947,-14.0
1607091454.9967,-202.0
1607091454.9987,-14.0
1607091455.0007,-9.0
1607091455.0027,-120.0
1607091455.0047,-81.0
1607091455.0067,-50.0
1607091455.0087,-84.0
1607091455.0107,-69.0
1607091455.0126,-43.0
1607091455.0147,-52.0
1607091455.0167,-55.0
1607091455.0186,-40.0
1607091455.0207,-33.0
1607091455.0227,-28.0
1607091455.0246,-21.0
1607091455.0266,-19.0
1607091455.0286,-16.0
1607091455.0306,-9.0
1607091455.0326,-2.0
1607091455.0347,4.0
1607091455.0366,7.0
1607091455.0386,7.0
1607091455.0407,12.0
1607091455.0426,21.0
1607091455.0446,33.0
1607091455.0466,38.0
1607091455.0486,48.0
1607091455.0507,60.0
1607091455.0526,72.0
1607091455.0546,84.0
1607091455.0566,98.0
1607091455.0587,110.0
1607091455.0607,120.0
1607091455.0626,127.0
1607091455.0648,125.0
1607091455.0667,113.0
1607091455.0686,86.0
1607091455.0707,50.0
1607091455.0726,16.0
1607091455.0746,-12.0
1607091455.0766,-40.0
1607091455.0786,-64.0
1607091455.0806,-76.0
1607091455.0826,-84.0
1607091455.0846,-88.0
1607091455.0866,-84.0
1607091455.0886,-81.0
1607091455.0907,-81.0
1607091455.0926,-76.0
1607091455.0946,-74.0
1607091455.0966,-69.0
1607091455.0987,-64.0
1607091455.1007,-60.0
1607091455.1026,-55.0
1607091455.1046,-52.0
1607091455.1066,-45.0
1607091455.1086,-38.0
1607091455.1107,-36.0
1607091455.1126,-36.0
1607091455.1146,-36.0
1607091455.1166,-31.0
1607091455.1186,-28.0
1607091455.1206,-26.0
1607091455.1226,-24.0
1607091455.1246,-26.0
1607091455.1266,-26.0
1607091455.1286,-24.0
1607091455.1306,-19.0
1607091455.5868,-21.0
1607091455.5876,-21.0
1607091455.5901,-16.0
1607091455.5927,-19.0
1607091455.5947,-24.0
1607091455.5967,-26.0
1607091455.5987,-21.0
1607091455.6008,-24.0
1607091455.6027,-24.0
1607091455.6047,-16.0
1607091455.6067,-12.0
1607091455.6087,-14.0
1607091455.6107,-14.0
1607091455.6127,-4.0
1607091455.6147,-2.0
1607091455.6166,-7.0
1607091455.6187,-7.0
1607091455.6209,-2.0
1607091455.6227,-2.0
1607091455.6246,-7.0
1607091455.6266,-7.0
1607091455.6287,-2.0
1607091455.6306,0.0
1607091455.6326,-2.0
1607091455.6346,-4.0
1607091455.6366,0.0
1607091455.6386,0.0
1607091455.6407,4.0
1607091455.6426,12.0
1607091455.6446,14.0
1607091455.6466,12.0
1607091455.6486,9.0
1607091455.6507,9.0
1607091455.6526,12.0
1607091455.6546,12.0
1607091455.6566,12.0
1607091455.6586,12.0
1607091455.6606,12.0
1607091455.6626,14.0
1607091455.6646,16.0
1607091455.6666,19.0
1607091455.6686,19.0
1607091455.6707,19.0
1607091455.6726,21.0
1607091455.6746,21.0
1607091455.6766,19.0
1607091455.6786,16.0
1607091455.6806,19.0
1607091455.6826,19.0
1607091455.6846,16.0
1607091455.6866,16.0
1607091455.6886,19.0
1607091455.6906,28.0
1607091455.6926,48.0
1607091455.6946,57.0
1607091455.6966,52.0
1607091455.6986,43.0
1607091455.7006,33.0
1607091455.7026,24.0
1607091455.7046,19.0
1607091455.7067,19.0
1607091455.7086,16.0
1607091455.7106,19.0
1607091455.7126,21.0
1607091455.7146,19.0
1607091455.7166,16.0
1607091455.7186,2.0
1607091455.7206,0.0
1607091455.7227,98.0
1607091455.7246,360.0
1607091455.7266,675.0
1607091455.7286,740.0
1607091455.7306,331.0
1607091456.1571,-146.0
1607091456.1579,-139.0
1607091456.1604,31.0
1607091456.163,-38.0
1607091456.165,-96.0
1607091456.167,-33.0
1607091456.1691,-28.0
1607091456.1711,-57.0
1607091456.1732,-40.0
1607091456.175,-33.0
1607091456.177,-45.0
1607091456.179,-40.0
1607091456.181,-31.0
1607091456.1834,-36.0
1607091456.1852,-33.0
1607091456.187,-19.0
1607091456.189,-14.0
1607091456.191,-12.0
1607091456.193,-2.0
1607091456.195,2.0
1607091456.197,0.0
1607091456.199,2.0
1607091456.201,14.0
1607091456.203,19.0
1607091456.2036,21.0
1607091456.205,33.0
1607091456.207,48.0
1607091456.209,57.0
1607091456.211,69.0
1607091456.213,86.0
1607091456.215,103.0
1607091456.2171,117.0
1607091456.2191,122.0
1607091456.2211,129.0
1607091456.2229,141.0
1607091456.2249,139.0
1607091456.2269,117.0
1607091456.2289,86.0
1607091456.2309,55.0
1607091456.2329,21.0
1607091456.2336,-12.0
1607091456.2351,-38.0
1607091456.2371,-48.0
1607091456.2389,-55.0
1607091456.2409,-64.0
1607091456.2429,-69.0
1607091456.2451,-69.0
1607091456.2469,-67.0
1607091456.2489,-62.0
1607091456.2509,-57.0
1607091456.253,-52.0
1607091456.2549,-48.0
1607091456.257,-40.0
1607091456.2589,-38.0
1607091456.2609,-36.0
1607091456.2629,-36.0
1607091456.2636,-40.0
1607091456.2649,-38.0
1607091456.2669,-26.0
1607091456.269,-21.0
1607091456.271,-26.0
1607091456.273,-28.0
1607091456.2749,-24.0
1607091456.2769,-14.0
1607091456.2789,-16.0
1607091456.2809,-19.0
1607091456.2829,-19.0
1607091456.2851,-21.0
1607091456.2869,-16.0
1607091456.2889,-12.0
1607091456.2909,-14.0
1607091456.2916,-12.0
1607091456.2929,-7.0
1607091456.7272,-7.0
1607091456.7282,-9.0
1607091456.7306,-7.0
1607091456.7333,-4.0
1607091456.7353,-4.0
1607091456.7373,-9.0
1607091456.7394,-14.0
1607091456.7413,-12.0
1607091456.7433,-4.0
1607091456.7453,-2.0
1607091456.7473,-9.0
1607091456.7493,-16.0
1607091456.7512,-14.0
1607091456.7519,-9.0
1607091456.7532,-7.0
1607091456.7552,-7.0
1607091456.7572,-4.0
1607091456.7592,-2.0
1607091456.7612,-2.0
1607091456.7632,-4.0
1607091456.7652,-4.0
1607091456.7672,-4.0
1607091456.7692,-4.0
1607091456.7712,-2.0
1607091456.7733,0.0
1607091456.7752,0.0
1607091456.7771,0.0
1607091456.7792,4.0
1607091456.7812,7.0
1607091456.7818,4.0
1607091456.7831,2.0
1607091456.7852,7.0
1607091456.7872,14.0
1607091456.7891,14.0
1607091456.7912,7.0
1607091456.7932,2.0
1607091456.7952,7.0
1607091456.7971,9.0
1607091456.7992,4.0
1607091456.8012,7.0
1607091456.8032,28.0
1607091456.8052,45.0
1607091456.8072,43.0
1607091456.8092,38.0
1607091456.8112,31.0
1607091456.8118,16.0
1607091456.8132,9.0
1607091456.8152,7.0
1607091456.8172,2.0
1607091456.8193,-2.0
1607091456.8212,0.0
1607091456.8232,4.0
1607091456.8251,4.0
1607091456.8272,0.0
1607091456.8292,-12.0
1607091456.8312,4.0
1607091456.8332,139.0
1607091456.8352,425.0
1607091456.8372,707.0
1607091456.8392,666.0
1607091456.8412,192.0
1607091456.8418,-187.0
1607091456.8431,-91.0
1607091456.8452,26.0
1607091456.8472,-74.0
1607091456.8491,-93.0
1607091456.8512,-33.0
1607091456.8532,-48.0
1607091456.8552,-62.0
1607091456.8572,-38.0
1607091456.8592,-40.0
1607091456.8612,-50.0
1607091456.8632,-40.0
1607091457.2367,-28.0
1607091457.2375,-28.0
1607091457.2401,-26.0
1607091457.2426,-21.0
1607091457.2446,-14.0
1607091457.2466,-12.0
1607091457.2486,-7.0
1607091457.2506,0.0
1607091457.2525,0.0
1607091457.2545,0.0
1607091457.2565,7.0
1607091457.2585,9.0
1607091457.2605,7.0
1607091457.2625,16.0
1607091457.2645,33.0
1607091457.2665,45.0
1607091457.2671,55.0
1607091457.2685,72.0
1607091457.2705,84.0
1607091457.2725,98.0
1607091457.2745,113.0
1607091457.2765,122.0
1607091457.2785,120.0
1607091457.2805,115.0
1607091457.2825,98.0
1607091457.2845,62.0
1607091457.2865,24.0
1607091457.2885,-4.0
1607091457.2906,-28.0
1607091457.2925,-55.0
1607091457.2945,-67.0
1607091457.2965,-74.0
1607091457.2971,-79.0
1607091457.2985,-79.0
1607091457.3005,-69.0
1607091457.3024,-67.0
1607091457.3045,-64.0
1607091457.3065,-64.0
1607091457.3085,-67.0
1607091457.3105,-62.0
1607091457.3124,-52.0
1607091457.3144,-48.0
1607091457.3164,-45.0
1607091457.3184,-43.0
1607091457.3205,-38.0
1607091457.3225,-36.0
1607091457.3244,-36.0
1607091457.3265,-36.0
1607091457.3272,-31.0
1607091457.3284,-24.0
1607091457.3304,-21.0
1607091457.3325,-21.0
1607091457.3344,-19.0
1607091457.3366,-16.0
1607091457.3385,-21.0
1607091457.3405,-21.0
1607091457.3425,-14.0
1607091457.3445,-12.0
1607091457.3465,-9.0
1607091457.3484,-9.0
1607091457.3506,-9.0
1607091457.3525,-9.0
1607091457.3545,-7.0
1607091457.3565,-12.0
1607091457.3571,-14.0
1607091457.3585,-9.0
1607091457.3605,-9.0
1607091457.3625,-12.0
1607091457.3644,-7.0
1607091457.3665,-2.0
1607091457.3685,-4.0
1607091457.3705,-4.0
1607091457.3724,-2.0
1607091457.8073,-4.0
1607091457.8081,-4.0
1607091457.8106,2.0
1607091457.8133,7.0
1607091457.8152,4.0
1607091457.8172,-2.0
1607091457.8193,-7.0
1607091457.82,-4.0
1607091457.8212,-4.0
1607091457.8232,-2.0
1607091457.8252,2.0
1607091457.8272,2.0
1607091457.8291,2.0
1607091457.8311,7.0
1607091457.8331,9.0
1607091457.8351,7.0
1607091457.8371,7.0
1607091457.8391,4.0
1607091457.8412,7.0
1607091457.8431,12.0
1607091457.8451,7.0
1607091457.8471,4.0
1607091457.8491,14.0
1607091457.8498,33.0
1607091457.8511,50.0
1607091457.8531,43.0
1607091457.8551,31.0
1607091457.8571,24.0
1607091457.8591,14.0
1607091457.8612,2.0
1607091457.8631,2.0
1607091457.8653,7.0
1607091457.8672,4.0
1607091457.8691,0.0
1607091457.8711,4.0
1607091457.8731,7.0
1607091457.8751,0.0
1607091457.8771,-9.0
1607091457.8791,55.0
1607091457.8798,281.0
1607091457.8811,598.0
1607091457.8831,745.0
1607091457.8851,432.0
1607091457.8871,-74.0
1607091457.8891,-170.0
1607091457.8911,9.0
1607091457.8931,-16.0
1607091457.8951,-105.0
1607091457.8971,-57.0
1607091457.8991,-38.0
1607091457.9011,-64.0
1607091457.9031,-50.0
1607091457.9051,-36.0
1607091457.9071,-40.0
1607091457.9091,-38.0
1607091457.9098,-31.0
1607091457.9112,-31.0
1607091457.9131,-28.0
1607091457.9151,-19.0
1607091457.9171,-14.0
1607091457.9191,-12.0
1607091457.9211,-7.0
1607091457.9231,0.0
1607091457.9251,2.0
1607091457.9271,9.0
1607091457.9291,16.0
1607091457.9311,24.0
1607091457.9331,33.0
1607091457.9351,40.0
1607091457.9371,50.0
1607091457.9391,64.0
1607091457.9398,76.0
1607091457.9411,81.0
1607091458.347,91.0
1607091458.3477,108.0
1607091458.3501,122.0
1607091458.3528,129.0
1607091458.3547,134.0
1607091458.3567,129.0
1607091458.3588,108.0
1607091458.3608,72.0
1607091458.3627,40.0
1607091458.365,9.0
1607091458.3668,-21.0
1607091458.3674,-45.0
1607091458.3687,-57.0
1607091458.3708,-64.0
1607091458.3727,-67.0
1607091458.3747,-69.0
1607091458.3768,-64.0
1607091458.3787,-62.0
1607091458.3807,-57.0
1607091458.3827,-52.0
1607091458.3847,-45.0
1607091458.3867,-43.0
1607091458.3887,-38.0
1607091458.3907,-33.0
1607091458.3927,-24.0
1607091458.3947,-19.0
1607091458.3953,-19.0
1607091458.3967,-14.0
1607091458.3987,-7.0
1607091458.4007,-2.0
1607091458.4027,-2.0
1607091458.4047,-4.0
1607091458.4067,0.0
1607091458.4087,4.0
1607091458.4107,4.0
1607091458.4127,7.0
1607091458.4147,12.0
1607091458.4167,14.0
1607091458.4187,14.0
1607091458.4207,19.0
1607091458.4227,24.0
1607091458.4247,28.0
1607091458.4253,28.0
1607091458.4267,24.0
1607091458.4287,21.0
1607091458.4307,26.0
1607091458.4327,28.0
1607091458.4347,28.0
1607091458.4367,28.0
1607091458.4387,26.0
1607091458.4407,26.0
1607091458.4427,26.0
1607091458.4447,24.0
1607091458.4467,21.0
1607091458.4487,24.0
1607091458.4507,28.0
1607091458.4527,28.0
1607091458.4547,21.0
1607091458.4553,16.0
1607091458.4567,19.0
1607091458.4588,21.0
1607091458.4608,19.0
1607091458.4627,21.0
1607091458.4647,24.0
1607091458.4667,21.0
1607091458.4687,19.0
1607091458.4707,19.0
1607091458.4727,21.0
1607091458.4747,19.0
1607091458.4767,14.0
1607091458.4787,9.0
1607091458.4807,9.0
1607091458.4827,4.0
1607091458.9474,0.0
1607091458.9486,14.0
1607091458.951,38.0
1607091458.9527,45.0
1607091458.9547,36.0
1607091458.9567,26.0
1607091458.9587,12.0
1607091458.9607,-2.0
1607091458.9627,-7.0
1607091458.9647,-4.0
1607091458.9667,-4.0
1607091458.9687,-9.0
1607091458.9707,-9.0
1607091458.9727,-7.0
1607091458.9734,-9.0
1607091458.9747,-24.0
1607091458.9767,-14.0
1607091458.9787,113.0
1607091458.9807,399.0
1607091458.9826,702.0
1607091458.9846,682.0
1607091458.9866,182.0
1607091458.9886,-245.0
1607091458.9907,-134.0
1607091458.9926,28.0
1607091458.9946,-69.0
1607091458.9966,-98.0
1607091458.9986,-28.0
1607091459.0006,-43.0
1607091459.0026,-64.0
1607091459.0033,-40.0
1607091459.0046,-33.0
1607091459.0066,-40.0
1607091459.0086,-31.0
1607091459.0106,-16.0
1607091459.0126,-14.0
1607091459.0146,-14.0
1607091459.0166,-7.0
1607091459.0187,2.0
1607091459.0207,4.0
1607091459.0225,7.0
1607091459.0246,9.0
1607091459.0266,14.0
1607091459.0286,19.0
1607091459.0306,24.0
1607091459.0326,33.0
1607091459.0332,43.0
1607091459.0346,55.0
1607091459.0366,72.0
1607091459.0387,86.0
1607091459.0406,96.0
1607091459.0426,110.0
1607091459.0446,129.0
1607091459.0466,139.0
1607091459.0486,146.0
1607091459.0506,158.0
1607091459.0526,158.0
1607091459.0546,146.0
1607091459.0566,125.0
1607091459.0586,88.0
1607091459.0606,48.0
1607091459.0626,12.0
1607091459.0632,-16.0
1607091459.0646,-40.0
1607091459.0666,-57.0
1607091459.0686,-60.0
1607091459.0706,-64.0
1607091459.0726,-69.0
1607091459.0746,-72.0
1607091459.0766,-69.0
1607091459.0786,-64.0
1607091459.0806,-55.0
1607091459.0826,-48.0
1607091459.5172,-48.0
1607091459.5196,-45.0
1607091459.5212,-38.0
1607091459.5223,-36.0
1607091459.5239,-36.0
1607091459.5259,-33.0
1607091459.5279,-31.0
1607091459.5299,-26.0
1607091459.5319,-28.0
1607091459.5339,-36.0
1607091459.5359,-33.0
1607091459.5379,-24.0
1607091459.5398,-24.0
1607091459.5419,-28.0
1607091459.5438,-26.0
1607091459.5458,-21.0
1607091459.5481,-21.0
1607091459.5499,-19.0
1607091459.5519,-16.0
1607091459.5525,-16.0
1607091459.5538,-19.0
1607091459.5558,-14.0
1607091459.5578,-7.0
1607091459.5598,-9.0
1607091459.5619,-9.0
1607091459.5638,-4.0
1607091459.5658,2.0
1607091459.5678,2.0
1607091459.5698,0.0
1607091459.5719,2.0
1607091459.5738,7.0
1607091459.5758,7.0
1607091459.5778,4.0
1607091459.5798,4.0
1607091459.5818,2.0
1607091459.5825,-2.0
1607091459.5838,0.0
1607091459.5858,7.0
1607091459.5878,7.0
1607091459.5898,4.0
1607091459.5918,7.0
1607091459.5938,12.0
1607091459.5958,16.0
1607091459.5979,14.0
1607091459.5998,9.0
1607091459.6019,7.0
1607091459.6038,7.0
1607091459.6058,9.0
1607091459.6078,19.0
1607091459.6098,38.0
1607091459.6118,50.0
1607091459.6125,48.0
1607091459.6138,45.0
1607091459.6158,38.0
1607091459.6178,24.0
1607091459.6198,14.0
1607091459.6218,14.0
1607091459.6238,21.0
1607091459.6258,24.0
1607091459.6278,24.0
1607091459.6298,24.0
1607091459.6318,24.0
1607091459.6338,16.0
1607091459.6358,4.0
1607091459.6378,64.0
1607091459.6398,293.0
1607091459.6418,639.0
1607091459.6426,815.0
1607091459.6439,485.0
1607091459.6458,-96.0
1607091459.6478,-216.0
1607091459.6498,16.0
1607091459.6518,12.0
1607091460.0568,-91.0
1607091460.0575,-38.0
1607091460.059,-4.0
1607091460.061,-38.0
1607091460.063,-33.0
1607091460.065,-16.0
1607091460.067,-19.0
1607091460.0677,-14.0
1607091460.069,-2.0
1607091460.0711,-2.0
1607091460.073,-7.0
1607091460.075,-7.0
1607091460.077,2.0
1607091460.079,4.0
1607091460.081,9.0
1607091460.083,16.0
1607091460.085,26.0
1607091460.087,33.0
1607091460.089,38.0
1607091460.091,43.0
1607091460.093,48.0
1607091460.095,60.0
1607091460.097,74.0
1607091460.0977,86.0
1607091460.099,101.0
1607091460.101,113.0
1607091460.103,127.0
1607091460.105,141.0
1607091460.107,156.0
1607091460.109,163.0
1607091460.111,163.0
1607091460.113,158.0
1607091460.115,141.0
1607091460.117,108.0
1607091460.119,60.0
1607091460.1211,19.0
1607091460.123,-9.0
1607091460.125,-33.0
1607091460.127,-50.0
1607091460.1276,-57.0
1607091460.129,-62.0
1607091460.131,-62.0
1607091460.133,-62.0
1607091460.135,-60.0
1607091460.137,-52.0
1607091460.1391,-50.0
1607091460.1411,-52.0
1607091460.143,-50.0
1607091460.145,-43.0
1607091460.147,-38.0
1607091460.149,-31.0
1607091460.151,-24.0
1607091460.153,-24.0
1607091460.155,-24.0
1607091460.1556,-19.0
1607091460.157,-12.0
1607091460.159,-9.0
1607091460.161,-12.0
1607091460.163,-14.0
1607091460.165,-16.0
1607091460.167,-21.0
1607091460.169,-24.0
1607091460.171,-19.0
1607091460.173,-21.0
1607091460.175,-21.0
1607091460.177,-19.0
1607091460.179,-19.0
1607091460.181,-16.0
1607091460.183,-16.0
1607091460.185,-16.0
1607091460.1856,-14.0
1607091460.187,-16.0
1607091460.189,-16.0
1607091460.6273,-14.0
1607091460.6282,-9.0
1607091460.6306,-9.0
1607091460.6323,-9.0
1607091460.6342,-7.0
1607091460.6363,-7.0
1607091460.6382,-7.0
1607091460.6403,-12.0
1607091460.6422,-12.0
1607091460.6442,-7.0
1607091460.6462,-4.0
1607091460.6482,-4.0
1607091460.6502,-4.0
1607091460.6509,0.0
1607091460.6522,2.0
1607091460.6542,0.0
1607091460.6562,-2.0
1607091460.6582,-2.0
1607091460.6602,-4.0
1607091460.6622,-7.0
1607091460.6641,-7.0
1607091460.6661,-4.0
1607091460.6681,-7.0
1607091460.6703,-9.0
1607091460.6722,-12.0
1607091460.6741,-4.0
1607091460.6761,14.0
1607091460.6781,38.0
1607091460.6801,43.0
1607091460.6808,33.0
1607091460.6821,24.0
1607091460.6841,14.0
1607091460.6861,7.0
1607091460.6881,4.0
1607091460.6902,7.0
1607091460.6921,7.0
1607091460.6941,7.0
1607091460.6961,7.0
1607091460.6982,9.0
1607091460.7001,9.0
1607091460.7021,-2.0
1607091460.7041,-7.0
1607091460.7061,88.0
1607091460.7081,363.0
1607091460.7101,704.0
1607091460.7108,788.0
1607091460.7121,360.0
1607091460.7141,-156.0
1607091460.7161,-156.0
1607091460.7182,33.0
1607091460.7201,-38.0
1607091460.7221,-98.0
1607091460.7241,-28.0
1607091460.7261,-26.0
1607091460.7281,-48.0
1607091460.7301,-24.0
1607091460.7321,-9.0
1607091460.7342,-21.0
1607091460.7361,-16.0
1607091460.7381,-2.0
1607091460.7401,2.0
1607091460.7408,2.0
1607091460.7422,7.0
1607091460.7441,14.0
1607091460.7461,21.0
1607091460.7482,24.0
1607091460.7501,26.0
1607091460.7521,33.0
1607091460.7529,43.0
1607091460.7551,50.0
1607091460.7572,55.0
1607091460.7591,62.0
1607091460.7612,69.0
1607091461.167,81.0
1607091461.1678,93.0
1607091461.1701,108.0
1607091461.1727,122.0
1607091461.1746,137.0
1607091461.1767,146.0
1607091461.1788,158.0
1607091461.1807,165.0
1607091461.1826,156.0
1607091461.1846,137.0
1607091461.1866,115.0
1607091461.1886,79.0
1607091461.1907,31.0
1607091461.1926,0.0
1607091461.1946,-21.0
1607091461.1966,-43.0
1607091461.1986,-55.0
1607091461.1992,-60.0
1607091461.2006,-62.0
1607091461.2026,-60.0
1607091461.2046,-57.0
1607091461.2066,-57.0
1607091461.2086,-55.0
1607091461.2107,-50.0
1607091461.2127,-45.0
1607091461.2146,-45.0
1607091461.2166,-45.0
1607091461.2186,-38.0
1607091461.2206,-31.0
1607091461.2226,-28.0
1607091461.2246,-24.0
1607091461.2266,-16.0
1607091461.2286,-16.0
1607091461.2292,-16.0
1607091461.2306,-14.0
1607091461.2326,-12.0
1607091461.2346,-12.0
1607091461.2366,-7.0
1607091461.2386,-7.0
1607091461.2406,-12.0
1607091461.2426,-12.0
1607091461.2446,-12.0
1607091461.2466,-12.0
1607091461.2486,-12.0
1607091461.2506,-9.0
1607091461.2526,-7.0
1607091461.2546,-7.0
1607091461.2566,-7.0
1607091461.2586,-9.0
1607091461.2592,-12.0
1607091461.2606,-12.0
1607091461.2626,-12.0
1607091461.2647,-9.0
1607091461.2666,-7.0
1607091461.2686,-9.0
1607091461.2706,-9.0
1607091461.2726,-2.0
1607091461.2746,2.0
1607091461.2766,0.0
1607091461.2786,-4.0
1607091461.2806,-2.0
1607091461.2826,0.0
1607091461.2846,0.0
1607091461.2866,2.0
1607091461.2886,2.0
1607091461.2892,0.0
1607091461.2906,0.0
1607091461.2926,4.0
1607091461.2946,9.0
1607091461.2966,9.0
1607091461.2986,9.0
1607091461.3006,7.0
1607091461.3026,7.0
1607091461.7369,9.0
1607091461.7378,12.0
1607091461.7402,9.0
1607091461.7429,9.0
1607091461.7448,4.0
1607091461.7469,-4.0
1607091461.7489,-9.0
1607091461.7496,-2.0
1607091461.7509,0.0
1607091461.7529,-2.0
1607091461.7549,-2.0
1607091461.7569,4.0
1607091461.7589,7.0
1607091461.7609,7.0
1607091461.7628,9.0
1607091461.7648,9.0
1607091461.7668,7.0
1607091461.7688,7.0
1607091461.7709,9.0
1607091461.7728,14.0
1607091461.7748,14.0
1607091461.7768,12.0
1607091461.7789,9.0
1607091461.7795,12.0
1607091461.7808,16.0
1607091461.7828,16.0
1607091461.7848,19.0
1607091461.7868,16.0
1607091461.7888,12.0
1607091461.7908,16.0
1607091461.793,19.0
1607091461.7948,12.0
1607091461.7968,7.0
1607091461.7988,7.0
1607091461.8008,7.0
1607091461.8028,14.0
1607091461.8047,31.0
1607091461.8067,50.0
1607091461.8088,60.0
1607091461.8094,52.0
1607091461.8108,38.0
1607091461.8128,21.0
1607091461.8148,16.0
1607091461.8167,21.0
1607091461.8188,19.0
1607091461.8208,16.0
1607091461.8227,16.0
1607091461.8248,16.0
1607091461.8267,19.0
1607091461.8288,19.0
1607091461.8308,9.0
1607091461.8328,-2.0
1607091461.8348,69.0
1607091461.8368,303.0
1607091461.8388,632.0
1607091461.8394,795.0
1607091461.8408,485.0
1607091461.8428,-55.0
1607091461.8448,-173.0
1607091461.8467,19.0
1607091461.8487,-7.0
1607091461.8508,-98.0
1607091461.8528,-45.0
1607091461.8548,-26.0
1607091461.8568,-62.0
1607091461.8587,-50.0
1607091461.8608,-28.0
1607091461.8628,-31.0
1607091461.8648,-28.0
1607091461.8667,-21.0
1607091461.8688,-24.0
1607091461.8694,-21.0
1607091461.8708,-12.0
1607091462.3073,-9.0
1607091462.3082,-4.0
1607091462.3107,0.0
1607091462.3134,7.0
1607091462.3153,12.0
1607091462.3173,14.0
1607091462.3196,19.0
1607091462.3213,19.0
1607091462.3235,21.0
1607091462.3253,31.0
1607091462.3273,43.0
1607091462.3292,57.0
1607091462.3299,72.0
1607091462.3313,86.0
1607091462.3332,98.0
1607091462.3353,110.0
1607091462.3372,122.0
1607091462.3392,132.0
1607091462.3413,139.0
1607091462.3432,139.0
1607091462.3452,125.0
1607091462.3472,98.0
1607091462.3492,62.0
1607091462.3513,26.0
1607091462.3532,-2.0
1607091462.3552,-26.0
1607091462.3572,-48.0
1607091462.3592,-64.0
1607091462.3675,-67.0
1607091462.3692,-69.0
1607091462.3712,-74.0
1607091462.3732,-76.0
1607091462.3752,-72.0
1607091462.3772,-72.0
1607091462.3792,-69.0
1607091462.3812,-64.0
1607091462.3832,-60.0
1607091462.3852,-55.0
1607091462.3872,-52.0
1607091462.3892,-48.0
1607091462.3912,-43.0
1607091462.3932,-38.0
1607091462.3952,-38.0
1607091462.3958,-33.0
1607091462.3972,-31.0
1607091462.3992,-31.0
1607091462.4012,-33.0
1607091462.4032,-31.0
1607091462.4052,-28.0
1607091462.4072,-26.0
1607091462.4092,-28.0
1607091462.4112,-26.0
1607091462.4132,-21.0
1607091462.4152,-21.0
1607091462.4172,-24.0
1607091462.4192,-26.0
1607091462.4212,-24.0
1607091462.4232,-21.0
1607091462.4252,-19.0
1607091462.426,-16.0
1607091462.4273,-14.0
1607091462.4292,-14.0
1607091462.4312,-16.0
1607091462.4332,-16.0
1607091462.4352,-16.0
1607091462.4372,-16.0
1607091462.4392,-16.0
1607091462.4412,-14.0
1607091462.4432,-14.0
1607091462.4452,-14.0
1607091462.4472,-12.0
1607091462.4492,-7.0
1607091462.4512,-4.0
1607091462.8772,-4.0
1607091462.8781,-2.0
1607091462.8798,0.0
1607091462.8822,2.0
1607091462.8841,0.0
1607091462.8861,-2.0
1607091462.8881,2.0
1607091462.8903,2.0
1607091462.8921,-4.0
1607091462.8941,-9.0
1607091462.8961,-2.0
1607091462.8981,-2.0
1607091462.9001,-4.0
1607091462.9021,-2.0
1607091462.9041,0.0
1607091462.9061,2.0
1607091462.9081,0.0
1607091462.9101,-2.0
1607091462.9108,2.0
1607091462.9121,9.0
1607091462.9141,4.0
1607091462.9161,2.0
1607091462.9181,4.0
1607091462.9201,7.0
1607091462.9221,9.0
1607091462.9241,14.0
1607091462.9261,14.0
1607091462.9281,9.0
1607091462.9301,7.0
1607091462.9321,12.0
1607091462.9341,16.0
1607091462.9361,16.0
1607091462.9381,14.0
1607091462.9401,14.0
1607091462.9407,14.0
1607091462.942,14.0
1607091462.944,19.0
1607091462.9462,21.0
1607091462.9481,16.0
1607091462.95,19.0
1607091462.952,21.0
1607091462.954,16.0
1607091462.956,9.0
1607091462.9581,9.0
1607091462.96,9.0
1607091462.962,9.0
1607091462.964,14.0
1607091462.966,33.0
1607091462.968,52.0
1607091462.97,52.0
1607091462.9707,43.0
1607091462.972,31.0
1607091462.9741,16.0
1607091462.976,12.0
1607091462.978,14.0
1607091462.98,14.0
1607091462.982,9.0
1607091462.984,7.0
1607091462.9861,14.0
1607091462.988,14.0
1607091462.9901,4.0
1607091462.992,-12.0
1607091462.994,-7.0
1607091462.996,115.0
1607091462.998,413.0
1607091463.0,740.0
1607091463.0007,740.0
1607091463.002,233.0
1607091463.004,-230.0
1607091463.006,-129.0
1607091463.008,45.0
1607091463.01,-57.0
1607091463.012,-93.0
1607091463.4171,-24.0
1607091463.4178,-38.0
1607091463.4202,-60.0
1607091463.4229,-31.0
1607091463.4249,-24.0
1607091463.4268,-33.0
1607091463.4275,-21.0
1607091463.4289,-9.0
1607091463.4308,-9.0
1607091463.4328,-19.0
1607091463.4348,-21.0
1607091463.4368,-14.0
1607091463.4388,-7.0
1607091463.4409,-7.0
1607091463.4428,-2.0
1607091463.445,9.0
1607091463.4469,14.0
1607091463.4488,21.0
1607091463.4509,31.0
1607091463.4528,43.0
1607091463.4548,50.0
1607091463.4568,60.0
1607091463.4575,74.0
1607091463.4588,93.0
1607091463.4609,108.0
1607091463.4628,122.0
1607091463.4648,141.0
1607091463.4668,156.0
1607091463.4688,165.0
1607091463.4709,165.0
1607091463.4728,156.0
1607091463.4748,137.0
1607091463.4768,103.0
1607091463.4788,60.0
1607091463.4808,24.0
1607091463.4828,-7.0
1607091463.4848,-36.0
1607091463.4868,-57.0
1607091463.4874,-64.0
1607091463.4888,-69.0
1607091463.4908,-74.0
1607091463.4928,-72.0
1607091463.4948,-67.0
1607091463.4968,-69.0
1607091463.4988,-67.0
1607091463.5008,-64.0
1607091463.5028,-60.0
1607091463.5048,-48.0
1607091463.5068,-40.0
1607091463.5088,-43.0
1607091463.5108,-45.0
1607091463.5128,-36.0
1607091463.5148,-31.0
1607091463.5168,-28.0
1607091463.5174,-21.0
1607091463.5188,-19.0
1607091463.5208,-24.0
1607091463.5228,-19.0
1607091463.5248,-14.0
1607091463.5268,-14.0
1607091463.5288,-16.0
1607091463.5308,-14.0
1607091463.5328,-7.0
1607091463.5348,-7.0
1607091463.5368,-14.0
1607091463.5388,-12.0
1607091463.541,-7.0
1607091463.5428,-9.0
1607091463.5448,-9.0
1607091463.5468,-7.0
1607091463.5474,-2.0
1607091463.5488,-2.0
1607091463.5508,-7.0
1607091463.9873,-4.0
1607091463.9881,2.0
1607091463.9907,2.0
1607091463.9933,0.0
1607091463.9952,2.0
1607091463.9972,4.0
1607091463.9992,-2.0
1607091464.0013,-7.0
1607091464.0032,-4.0
1607091464.0052,0.0
1607091464.0072,0.0
1607091464.0092,2.0
1607091464.0112,4.0
1607091464.0118,0.0
1607091464.0132,0.0
1607091464.0152,7.0
1607091464.0172,12.0
1607091464.0192,9.0
1607091464.0212,4.0
1607091464.0231,7.0
1607091464.0251,9.0
1607091464.0271,9.0
1607091464.0291,12.0
1607091464.0311,12.0
1607091464.0331,12.0
1607091464.0351,14.0
1607091464.0371,14.0
1607091464.0391,12.0
1607091464.0412,14.0
1607091464.0418,16.0
1607091464.0432,14.0
1607091464.0451,12.0
1607091464.0472,12.0
1607091464.0491,12.0
1607091464.0512,9.0
1607091464.0531,7.0
1607091464.0551,7.0
1607091464.0571,4.0
1607091464.0591,4.0
1607091464.0612,24.0
1607091464.0631,45.0
1607091464.0651,40.0
1607091464.0671,24.0
1607091464.0691,16.0
1607091464.0713,12.0
1607091464.0717,4.0
1607091464.0731,2.0
1607091464.0751,4.0
1607091464.0771,7.0
1607091464.0791,7.0
1607091464.0811,7.0
1607091464.0831,7.0
1607091464.0851,0.0
1607091464.0871,-16.0
1607091464.0891,2.0
1607091464.0911,165.0
1607091464.0931,495.0
1607091464.0952,795.0
1607091464.0971,702.0
1607091464.0991,125.0
1607091464.1012,-274.0
1607091464.1017,-113.0
1607091464.1031,21.0
1607091464.1051,-101.0
1607091464.1071,-108.0
1607091464.1091,-33.0
1607091464.1111,-55.0
1607091464.1131,-72.0
1607091464.1151,-43.0
1607091464.1171,-40.0
1607091464.1191,-43.0
1607091464.1212,-31.0
1607091464.1231,-28.0
1607091464.5269,-26.0
1607091464.5278,-14.0
1607091464.5295,-7.0
1607091464.5319,-7.0
1607091464.5339,-4.0
1607091464.5359,2.0
1607091464.5379,9.0
1607091464.5399,9.0
1607091464.5418,12.0
1607091464.5438,21.0
1607091464.5458,31.0
1607091464.5478,33.0
1607091464.5498,45.0
1607091464.5518,62.0
1607091464.5538,79.0
1607091464.5558,96.0
1607091464.5578,110.0
1607091464.5598,122.0
1607091464.5604,137.0
1607091464.5618,149.0
1607091464.5638,156.0
1607091464.5658,158.0
1607091464.568,146.0
1607091464.5698,117.0
1607091464.5718,79.0
1607091464.5738,43.0
1607091464.5758,4.0
1607091464.5778,-33.0
1607091464.5798,-55.0
1607091464.5817,-64.0
1607091464.5837,-74.0
1607091464.5858,-79.0
1607091464.5878,-79.0
1607091464.5899,-79.0
1607091464.5905,-84.0
1607091464.5918,-86.0
1607091464.5938,-76.0
1607091464.5958,-69.0
1607091464.5978,-67.0
1607091464.5998,-64.0
1607091464.6017,-57.0
1607091464.6038,-50.0
1607091464.6058,-45.0
1607091464.6078,-40.0
1607091464.6098,-33.0
1607091464.6118,-28.0
1607091464.6137,-28.0
1607091464.6158,-28.0
1607091464.6177,-24.0
1607091464.6198,-19.0
1607091464.6204,-19.0
1607091464.6217,-21.0
1607091464.6238,-16.0
1607091464.6258,-16.0
1607091464.6277,-19.0
1607091464.6297,-21.0
1607091464.6317,-16.0
1607091464.6338,-14.0
1607091464.6358,-14.0
1607091464.6377,-14.0
1607091464.6397,-9.0
1607091464.6418,-7.0
1607091464.6437,-9.0
1607091464.6457,-7.0
1607091464.6478,-4.0
1607091464.6498,-7.0
1607091464.6504,-4.0
1607091464.6517,-2.0
1607091464.6537,0.0
1607091464.6558,0.0
1607091464.6578,2.0
1607091464.6598,2.0
1607091464.6618,4.0
1607091465.0975,2.0
1607091465.0984,2.0
1607091465.1008,7.0
1607091465.1035,9.0
1607091465.1054,7.0
1607091465.1074,-2.0
1607091465.1081,-4.0
1607091465.1095,2.0
1607091465.1114,2.0
1607091465.1134,0.0
1607091465.1155,-2.0
1607091465.1174,-2.0
1607091465.1194,-4.0
1607091465.1214,-4.0
1607091465.1234,-2.0
1607091465.1254,0.0
1607091465.1274,0.0
1607091465.1294,2.0
1607091465.1313,-2.0
1607091465.1334,0.0
1607091465.1353,2.0
1607091465.1373,4.0
1607091465.1379,7.0
1607091465.1393,7.0
1607091465.1414,4.0
1607091465.1433,4.0
1607091465.1454,2.0
1607091465.1473,-4.0
1607091465.1493,-7.0
1607091465.1514,-7.0
1607091465.1533,-9.0
1607091465.1554,-4.0
1607091465.1574,14.0
1607091465.1593,33.0
1607091465.1614,33.0
1607091465.1633,26.0
1607091465.1653,19.0
1607091465.1673,4.0
1607091465.168,0.0
1607091465.1693,-2.0
1607091465.1714,-9.0
1607091465.1733,-9.0
1607091465.1753,-7.0
1607091465.1773,-7.0
1607091465.1793,-4.0
1607091465.1813,-9.0
1607091465.1833,-26.0
1607091465.1853,-21.0
1607091465.1873,101.0
1607091465.1893,394.0
1607091465.1914,726.0
1607091465.1935,764.0
1607091465.1954,293.0
1607091465.1973,-194.0
1607091465.1979,-146.0
1607091465.1993,24.0
1607091465.2014,-67.0
1607091465.2033,-113.0
1607091465.2053,-45.0
1607091465.2074,-52.0
1607091465.2093,-76.0
1607091465.2114,-50.0
1607091465.2133,-38.0
1607091465.2153,-43.0
1607091465.2173,-36.0
1607091465.2193,-28.0
1607091465.2214,-24.0
1607091465.2233,-16.0
1607091465.2253,-12.0
1607091465.2273,-9.0
1607091465.2279,-4.0
1607091465.2293,2.0
1607091465.2313,4.0
1607091465.6973,9.0
1607091465.6982,14.0
1607091465.7006,16.0
1607091465.7023,26.0
1607091465.7043,38.0
1607091465.7063,48.0
1607091465.7083,52.0
1607091465.7103,62.0
1607091465.7123,81.0
1607091465.7142,93.0
1607091465.7163,105.0
1607091465.7183,122.0
1607091465.7203,139.0
1607091465.7208,146.0
1607091465.7222,146.0
1607091465.7242,134.0
1607091465.7262,117.0
1607091465.7282,91.0
1607091465.7302,52.0
1607091465.7322,16.0
1607091465.7342,-14.0
1607091465.7362,-43.0
1607091465.7382,-64.0
1607091465.7402,-74.0
1607091465.7422,-72.0
1607091465.7442,-72.0
1607091465.7462,-74.0
1607091465.7482,-69.0
1607091465.7502,-67.0
1607091465.751,-67.0
1607091465.7522,-62.0
1607091465.7543,-55.0
1607091465.7562,-55.0
1607091465.7583,-50.0
1607091465.7603,-43.0
1607091465.7622,-43.0
1607091465.7642,-40.0
1607091465.7662,-36.0
1607091465.7682,-31.0
1607091465.7702,-28.0
1607091465.7722,-24.0
1607091465.7742,-19.0
1607091465.7762,-19.0
1607091465.7782,-21.0
1607091465.7802,-19.0
1607091465.7808,-16.0
1607091465.7822,-14.0
1607091465.7842,-12.0
1607091465.7862,-14.0
1607091465.7882,-12.0
1607091465.7902,-7.0
1607091465.7922,-9.0
1607091465.7942,-12.0
1607091465.7962,-7.0
1607091465.7982,0.0
1607091465.8002,-2.0
1607091465.8021,-4.0
1607091465.8042,-7.0
1607091465.8062,-2.0
1607091465.8082,4.0
1607091465.8102,4.0
1607091465.8108,0.0
1607091465.8122,2.0
1607091465.8141,7.0
1607091465.8162,4.0
1607091465.8182,2.0
1607091465.8201,4.0
1607091465.8222,9.0
1607091465.8236,9.0
1607091465.8252,7.0
1607091465.8274,9.0
1607091465.8292,12.0
1607091465.8312,9.0
1607091466.2366,9.0
1607091466.2373,12.0
1607091466.2397,12.0
1607091466.2424,12.0
1607091466.2443,12.0
1607091466.2463,14.0
1607091466.2484,16.0
1607091466.2506,16.0
1607091466.2523,14.0
1607091466.2543,12.0
1607091466.2563,14.0
1607091466.2583,9.0
1607091466.2604,2.0
1607091466.2623,2.0
1607091466.2643,2.0
1607091466.2649,2.0
1607091466.2663,2.0
1607091466.2683,7.0
1607091466.2704,7.0
1607091466.2723,2.0
1607091466.2743,7.0
1607091466.2763,14.0
1607091466.2783,14.0
1607091466.2803,4.0
1607091466.2822,2.0
1607091466.2843,4.0
1607091466.2862,4.0
1607091466.2882,4.0
1607091466.2903,7.0
1607091466.2922,9.0
1607091466.2942,9.0
1607091466.2949,12.0
1607091466.2963,7.0
1607091466.2982,0.0
1607091466.3003,2.0
1607091466.3022,9.0
1607091466.3042,19.0
1607091466.3062,36.0
1607091466.3082,48.0
1607091466.3103,43.0
1607091466.3122,36.0
1607091466.3142,26.0
1607091466.3162,16.0
1607091466.3182,12.0
1607091466.3203,7.0
1607091466.3223,7.0
1607091466.3242,7.0
1607091466.3249,4.0
1607091466.3262,4.0
1607091466.3282,4.0
1607091466.3303,-4.0
1607091466.3322,-16.0
1607091466.3342,43.0
1607091466.3362,271.0
1607091466.3382,603.0
1607091466.3403,781.0
1607091466.3422,495.0
1607091466.3443,-52.0
1607091466.3464,-202.0
1607091466.3483,-7.0
1607091466.3503,-12.0
1607091466.3522,-108.0
1607091466.3542,-64.0
1607091466.3549,-38.0
1607091466.3562,-64.0
1607091466.3582,-52.0
1607091466.3603,-36.0
1607091466.3622,-38.0
1607091466.3642,-36.0
1607091466.3662,-26.0
1607091466.3683,-24.0
1607091466.3704,-16.0
1607091466.3723,-7.0
1607091466.8074,-2.0
1607091466.8083,-2.0
1607091466.8108,2.0
1607091466.8134,12.0
1607091466.8154,16.0
1607091466.816,19.0
1607091466.8174,21.0
1607091466.8195,28.0
1607091466.8214,33.0
1607091466.8234,36.0
1607091466.8254,45.0
1607091466.8274,60.0
1607091466.8294,74.0
1607091466.8313,91.0
1607091466.8333,108.0
1607091466.8353,115.0
1607091466.8373,125.0
1607091466.8393,141.0
1607091466.8414,151.0
1607091466.8433,144.0
1607091466.8453,129.0
1607091466.8459,110.0
1607091466.8473,79.0
1607091466.8493,40.0
1607091466.8513,7.0
1607091466.8533,-16.0
1607091466.8553,-36.0
1607091466.8573,-50.0
1607091466.8593,-57.0
1607091466.8613,-60.0
1607091466.8633,-60.0
1607091466.8653,-57.0
1607091466.8673,-57.0
1607091466.8693,-55.0
1607091466.8713,-48.0
1607091466.8733,-48.0
1607091466.8754,-43.0
1607091466.876,-36.0
1607091466.8772,-28.0
1607091466.8792,-26.0
1607091466.8812,-21.0
1607091466.8833,-19.0
1607091466.8852,-16.0
1607091466.8872,-14.0
1607091466.8892,-12.0
1607091466.8913,-9.0
1607091466.8933,-4.0
1607091466.8953,-9.0
1607091466.8972,-12.0
1607091466.8992,-12.0
1607091466.9013,-12.0
1607091466.9034,-12.0
1607091466.9053,-9.0
1607091466.9059,-2.0
1607091466.9072,0.0
1607091466.9093,-2.0
1607091466.9112,-4.0
1607091466.9132,0.0
1607091466.9153,4.0
1607091466.9174,7.0
1607091466.9193,7.0
1607091466.9213,7.0
1607091466.9232,4.0
1607091466.9252,2.0
1607091466.9273,2.0
1607091466.9293,9.0
1607091466.9312,12.0
1607091466.9332,12.0
1607091466.9352,16.0
1607091466.9359,19.0
1607091466.9372,14.0
1607091466.9393,7.0
1607091466.9413,2.0
1607091467.3472,12.0
1607091467.3479,19.0
1607091467.3503,19.0
1607091467.353,16.0
1607091467.355,16.0
1607091467.357,16.0
1607091467.359,16.0
1607091467.361,14.0
1607091467.363,16.0
1607091467.365,12.0
1607091467.3656,9.0
1607091467.367,12.0
1607091467.3689,14.0
1607091467.371,14.0
1607091467.3731,14.0
1607091467.3749,16.0
1607091467.3769,19.0
1607091467.3789,19.0
1607091467.3809,14.0
1607091467.383,16.0
1607091467.3849,21.0
1607091467.3869,21.0
1607091467.3889,24.0
1607091467.391,26.0
1607091467.3929,24.0
1607091467.395,24.0
1607091467.3956,26.0
1607091467.3969,26.0
1607091467.399,26.0
1607091467.401,28.0
1607091467.4029,26.0
1607091467.4049,24.0
1607091467.4069,24.0
1607091467.4089,21.0
1607091467.411,19.0
1607091467.4129,19.0
1607091467.4149,21.0
1607091467.4169,38.0
1607091467.4189,60.0
1607091467.421,62.0
1607091467.4229,52.0
1607091467.4249,38.0
1607091467.4256,24.0
1607091467.4269,19.0
1607091467.4289,19.0
1607091467.4296,19.0
1607091467.4309,19.0
1607091467.4329,19.0
1607091467.4349,26.0
1607091467.4369,26.0
1607091467.4389,16.0
1607091467.4409,7.0
1607091467.4429,69.0
1607091467.4449,303.0
1607091467.4469,649.0
1607091467.4489,829.0
1607091467.451,495.0
1607091467.4515,-103.0
1607091467.4529,-230.0
1607091467.4549,7.0
1607091467.4569,0.0
1607091467.4589,-105.0
1607091467.4609,-45.0
1607091467.4629,-19.0
1607091467.4649,-62.0
1607091467.4671,-52.0
1607091467.469,-26.0
1607091467.471,-28.0
1607091467.4729,-26.0
1607091467.4749,-16.0
1607091467.4769,-14.0
1607091467.4789,-14.0
1607091467.4809,-12.0
1607091467.8872,-4.0
1607091467.8881,4.0
1607091467.8904,12.0
1607091467.8921,14.0
1607091467.8941,19.0
1607091467.8961,24.0
1607091467.8981,26.0
1607091467.9001,28.0
1607091467.9021,40.0
1607091467.9041,52.0
1607091467.9062,60.0
1607091467.9081,72.0
1607091467.9101,93.0
1607091467.9121,113.0
1607091467.9141,127.0
1607091467.9161,141.0
1607091467.9167,156.0
1607091467.9181,168.0
1607091467.9201,173.0
1607091467.9221,173.0
1607091467.9241,158.0
1607091467.9261,127.0
1607091467.9281,86.0
1607091467.9301,45.0
1607091467.9321,7.0
1607091467.9341,-21.0
1607091467.9361,-43.0
1607091467.9381,-57.0
1607091467.9401,-64.0
1607091467.942,-72.0
1607091467.944,-74.0
1607091467.946,-67.0
1607091467.9466,-62.0
1607091467.9481,-64.0
1607091467.95,-64.0
1607091467.952,-62.0
1607091467.954,-52.0
1607091467.956,-43.0
1607091467.958,-38.0
1607091467.96,-36.0
1607091467.962,-28.0
1607091467.964,-26.0
1607091467.966,-24.0
1607091467.9682,-19.0
1607091467.9701,-14.0
1607091467.972,-12.0
1607091467.974,-16.0
1607091467.976,-19.0
1607091467.9767,-14.0
1607091467.978,-9.0
1607091467.98,-12.0
1607091467.982,-14.0
1607091467.984,-12.0
1607091467.986,-9.0
1607091467.988,-12.0
1607091467.99,-14.0
1607091467.992,-12.0
1607091467.994,-12.0
1607091467.9961,-14.0
1607091467.998,-16.0
1607091468.0,-14.0
1607091468.002,-12.0
1607091468.004,-9.0
1607091468.006,-7.0
1607091468.0067,-9.0
1607091468.0081,-9.0
1607091468.01,-7.0
1607091468.012,-4.0
1607091468.014,-2.0
1607091468.016,0.0
1607091468.018,2.0
1607091468.02,2.0
1607091468.022,4.0
1607091468.4873,4.0
1607091468.4881,4.0
1607091468.4906,7.0
1607091468.4932,4.0
1607091468.4939,0.0
1607091468.4952,-4.0
1607091468.4972,-4.0
1607091468.4992,-2.0
1607091468.5012,4.0
1607091468.5031,4.0
1607091468.5051,0.0
1607091468.5071,-2.0
1607091468.5091,0.0
1607091468.5111,4.0
1607091468.5131,7.0
1607091468.5151,7.0
1607091468.5171,7.0
1607091468.5191,9.0
1607091468.5212,12.0
1607091468.5231,7.0
1607091468.5237,2.0
1607091468.5253,2.0
1607091468.5272,2.0
1607091468.5291,-2.0
1607091468.5311,4.0
1607091468.5331,28.0
1607091468.5351,45.0
1607091468.5371,40.0
1607091468.5391,26.0
1607091468.5412,14.0
1607091468.5431,7.0
1607091468.5451,2.0
1607091468.5471,0.0
1607091468.5491,2.0
1607091468.5512,7.0
1607091468.5531,7.0
1607091468.5537,4.0
1607091468.5551,2.0
1607091468.5571,-7.0
1607091468.5591,0.0
1607091468.5611,132.0
1607091468.5631,440.0
1607091468.5651,764.0
1607091468.5671,752.0
1607091468.5691,238.0
1607091468.5711,-223.0
1607091468.5731,-132.0
1607091468.5751,31.0
1607091468.5771,-76.0
1607091468.5791,-115.0
1607091468.5811,-45.0
1607091468.5831,-60.0
1607091468.5837,-81.0
1607091468.5851,-57.0
1607091468.5871,-45.0
1607091468.5891,-52.0
1607091468.5911,-45.0
1607091468.5931,-38.0
1607091468.5951,-33.0
1607091468.5971,-24.0
1607091468.5991,-21.0
1607091468.6011,-19.0
1607091468.6031,-12.0
1607091468.6051,-2.0
1607091468.6071,0.0
1607091468.6091,7.0
1607091468.6111,12.0
1607091468.6131,16.0
1607091468.6137,28.0
1607091468.6151,40.0
1607091468.6171,50.0
1607091468.6191,62.0
1607091468.6213,76.0
1607091469.0569,88.0
1607091469.0575,105.0
1607091469.0591,125.0
1607091469.0611,137.0
1607091469.0631,144.0
1607091469.0651,146.0
1607091469.0671,141.0
1607091469.0691,137.0
1607091469.0711,117.0
1607091469.0717,76.0
1607091469.0731,28.0
1607091469.0751,-7.0
1607091469.0771,-36.0
1607091469.0791,-60.0
1607091469.0811,-74.0
1607091469.0831,-81.0
1607091469.085,-84.0
1607091469.087,-86.0
1607091469.0891,-84.0
1607091469.0911,-81.0
1607091469.0931,-76.0
1607091469.0951,-72.0
1607091469.0971,-64.0
1607091469.0991,-60.0
1607091469.1012,-57.0
1607091469.1018,-52.0
1607091469.1031,-48.0
1607091469.105,-43.0
1607091469.107,-40.0
1607091469.109,-33.0
1607091469.1111,-26.0
1607091469.113,-21.0
1607091469.115,-26.0
1607091469.117,-26.0
1607091469.119,-21.0
1607091469.1211,-16.0
1607091469.123,-16.0
1607091469.125,-16.0
1607091469.127,-16.0
1607091469.129,-16.0
1607091469.131,-16.0
1607091469.1316,-16.0
1607091469.133,-21.0
1607091469.135,-21.0
1607091469.137,-21.0
1607091469.139,-21.0
1607091469.1411,-21.0
1607091469.143,-16.0
1607091469.145,-16.0
1607091469.147,-14.0
1607091469.1492,-9.0
1607091469.1512,-9.0
1607091469.153,-9.0
1607091469.155,-7.0
1607091469.157,-4.0
1607091469.159,-7.0
1607091469.1611,-4.0
1607091469.1616,-2.0
1607091469.163,0.0
1607091469.165,0.0
1607091469.167,0.0
1607091469.169,0.0
1607091469.1711,4.0
1607091469.173,4.0
1607091469.1751,4.0
1607091469.177,7.0
1607091469.179,9.0
1607091469.181,12.0
1607091469.183,9.0
1607091469.1851,4.0
1607091469.187,9.0
1607091469.1891,12.0
1607091469.1911,9.0
1607091469.5973,12.0
1607091469.5981,16.0
1607091469.5994,12.0
1607091469.6015,9.0
1607091469.6034,12.0
1607091469.6054,14.0
1607091469.6074,12.0
1607091469.6094,12.0
1607091469.6114,12.0
1607091469.6134,12.0
1607091469.6154,9.0
1607091469.6174,2.0
1607091469.6194,2.0
1607091469.6214,4.0
1607091469.6234,0.0
1607091469.624,2.0
1607091469.6254,9.0
1607091469.6274,9.0
1607091469.6294,4.0
1607091469.6313,2.0
1607091469.6334,7.0
1607091469.6354,4.0
1607091469.6374,0.0
1607091469.6394,2.0
1607091469.6414,4.0
1607091469.6434,7.0
1607091469.6454,16.0
1607091469.6474,36.0
1607091469.6495,48.0
1607091469.6514,40.0
1607091469.6533,28.0
1607091469.6539,19.0
1607091469.6553,9.0
1607091469.6574,7.0
1607091469.6593,2.0
1607091469.6614,-2.0
1607091469.6633,0.0
1607091469.6653,4.0
1607091469.6673,2.0
1607091469.6693,-4.0
1607091469.6714,-24.0
1607091469.6733,-4.0
1607091469.6753,156.0
1607091469.6773,476.0
1607091469.6793,762.0
1607091469.6813,670.0
1607091469.6833,139.0
1607091469.6839,-218.0
1607091469.6853,-81.0
1607091469.6873,16.0
1607091469.6893,-96.0
1607091469.6914,-98.0
1607091469.6933,-38.0
1607091469.6953,-60.0
1607091469.6975,-72.0
1607091469.6993,-50.0
1607091469.7014,-45.0
1607091469.7033,-45.0
1607091469.7054,-38.0
1607091469.7074,-28.0
1607091469.7093,-21.0
1607091469.7114,-16.0
1607091469.7119,-14.0
1607091469.7133,-9.0
1607091469.7154,-4.0
1607091469.7174,2.0
1607091469.7193,7.0
1607091469.7214,9.0
1607091469.7233,16.0
1607091469.7253,24.0
1607091469.7273,31.0
1607091469.7293,43.0
1607091469.7313,55.0
1607091470.1671,60.0
1607091470.1677,74.0
1607091470.1694,91.0
1607091470.1718,103.0
1607091470.1738,115.0
1607091470.1758,134.0
1607091470.178,146.0
1607091470.1798,144.0
1607091470.1818,137.0
1607091470.1838,132.0
1607091470.1859,113.0
1607091470.1878,81.0
1607091470.1898,48.0
1607091470.1918,16.0
1607091470.1938,-12.0
1607091470.1958,-36.0
1607091470.1978,-48.0
1607091470.1998,-55.0
1607091470.2004,-62.0
1607091470.2017,-67.0
1607091470.2038,-67.0
1607091470.2057,-60.0
1607091470.2078,-57.0
1607091470.2098,-57.0
1607091470.2118,-55.0
1607091470.2137,-52.0
1607091470.2158,-45.0
1607091470.2177,-40.0
1607091470.2197,-45.0
1607091470.2218,-43.0
1607091470.2237,-33.0
1607091470.2257,-31.0
1607091470.2277,-31.0
1607091470.2297,-24.0
1607091470.2304,-24.0
1607091470.2317,-24.0
1607091470.2337,-16.0
1607091470.2357,-14.0
1607091470.2377,-16.0
1607091470.2397,-16.0
1607091470.2418,-14.0
1607091470.2437,-12.0
1607091470.2457,-9.0
1607091470.2477,-12.0
1607091470.2497,-12.0
1607091470.2517,-7.0
1607091470.2537,-4.0
1607091470.2557,-7.0
1607091470.2577,-7.0
1607091470.2597,-2.0
1607091470.2604,0.0
1607091470.2617,-4.0
1607091470.2637,-2.0
1607091470.2658,4.0
1607091470.2677,4.0
1607091470.2697,0.0
1607091470.2718,2.0
1607091470.2739,4.0
1607091470.2759,0.0
1607091470.2778,0.0
1607091470.2798,4.0
1607091470.2818,4.0
1607091470.2838,0.0
1607091470.2857,0.0
1607091470.2878,7.0
1607091470.2898,7.0
1607091470.2904,7.0
1607091470.2918,7.0
1607091470.2938,7.0
1607091470.2958,9.0
1607091470.2977,12.0
1607091470.2998,12.0
1607091470.3018,12.0
1607091470.7069,14.0
1607091470.7077,12.0
1607091470.7101,14.0
1607091470.7118,16.0
1607091470.7139,14.0
1607091470.7158,12.0
1607091470.7178,12.0
1607091470.7198,14.0
1607091470.7218,14.0
1607091470.7224,9.0
1607091470.7238,9.0
1607091470.7258,12.0
1607091470.7278,9.0
1607091470.7298,7.0
1607091470.7318,9.0
1607091470.7338,12.0
1607091470.7357,9.0
1607091470.7378,9.0
1607091470.7398,14.0
1607091470.7418,16.0
1607091470.7438,9.0
1607091470.7458,4.0
1607091470.7478,7.0
1607091470.7498,7.0
1607091470.7518,2.0
1607091470.7523,7.0
1607091470.7538,12.0
1607091470.7558,12.0
1607091470.7578,4.0
1607091470.7598,-2.0
1607091470.7618,0.0
1607091470.7637,7.0
1607091470.7657,24.0
1607091470.7677,43.0
1607091470.7698,48.0
1607091470.772,40.0
1607091470.7738,28.0
1607091470.7757,16.0
1607091470.7778,9.0
1607091470.7798,7.0
1607091470.7818,9.0
1607091470.7823,12.0
1607091470.7837,12.0
1607091470.7857,12.0
1607091470.7877,12.0
1607091470.7897,7.0
1607091470.7918,-12.0
1607091470.7937,9.0
1607091470.7957,173.0
1607091470.7977,492.0
1607091470.7997,774.0
1607091470.8018,646.0
1607091470.8038,81.0
1607091470.8057,-254.0
1607091470.8077,-72.0
1607091470.8097,31.0
1607091470.8118,-91.0
1607091470.8124,-88.0
1607091470.8137,-26.0
1607091470.8158,-52.0
1607091470.8177,-62.0
1607091470.8197,-31.0
1607091470.8218,-28.0
1607091470.8237,-31.0
1607091470.8257,-21.0
1607091470.8277,-14.0
1607091470.8297,-16.0
1607091470.8317,-14.0
1607091470.8337,-4.0
1607091470.8357,0.0
1607091470.8377,4.0
1607091470.8399,9.0
1607091470.8418,12.0
1607091471.2771,24.0
1607091471.2778,38.0
1607091471.2801,43.0
1607091471.2829,45.0
1607091471.2849,48.0
1607091471.2869,57.0
1607091471.2889,64.0
1607091471.2909,74.0
1607091471.2928,93.0
1607091471.2948,113.0
1607091471.2968,122.0
1607091471.2974,134.0
1607091471.2988,144.0
1607091471.3011,146.0
1607091471.3029,149.0
1607091471.3048,146.0
1607091471.3068,122.0
1607091471.3088,84.0
1607091471.3108,45.0
1607091471.3128,12.0
1607091471.3148,-19.0
1607091471.3168,-43.0
1607091471.3188,-57.0
1607091471.3209,-72.0
1607091471.3228,-81.0
1607091471.3248,-76.0
1607091471.3268,-74.0
1607091471.3274,-74.0
1607091471.3288,-69.0
1607091471.3309,-64.0
1607091471.3328,-60.0
1607091471.3348,-52.0
1607091471.3368,-45.0
1607091471.3388,-38.0
1607091471.3409,-38.0
1607091471.3428,-38.0
1607091471.3448,-31.0
1607091471.3468,-26.0
1607091471.3488,-24.0
1607091471.3509,-19.0
1607091471.3528,-16.0
1607091471.3548,-19.0
1607091471.3568,-16.0
1607091471.3574,-14.0
1607091471.3588,-16.0
1607091471.3608,-21.0
1607091471.3628,-21.0
1607091471.3648,-14.0
1607091471.3668,-12.0
1607091471.3688,-14.0
1607091471.3709,-9.0
1607091471.3728,-7.0
1607091471.3748,-9.0
1607091471.3768,-12.0
1607091471.3788,-7.0
1607091471.3809,-2.0
1607091471.3828,0.0
1607091471.3848,-2.0
1607091471.3868,0.0
1607091471.3874,2.0
1607091471.3888,2.0
1607091471.3909,2.0
1607091471.3928,4.0
1607091471.3948,7.0
1607091471.397,12.0
1607091471.3989,7.0
1607091471.4009,4.0
1607091471.4028,7.0
1607091471.4048,9.0
1607091471.4068,12.0
1607091471.4088,12.0
1607091471.4109,14.0
1607091471.4128,9.0
1607091471.8174,7.0
1607091471.8183,12.0
1607091471.82,14.0
1607091471.8224,9.0
1607091471.8244,7.0
1607091471.8264,9.0
1607091471.8284,4.0
1607091471.8305,-4.0
1607091471.8323,-12.0
1607091471.8344,-7.0
1607091471.8364,-2.0
1607091471.8384,0.0
1607091471.8404,0.0
1607091471.8424,2.0
1607091471.8444,2.0
1607091471.8464,2.0
1607091471.8484,4.0
1607091471.8504,12.0
1607091471.8509,12.0
1607091471.8524,4.0
1607091471.8543,2.0
1607091471.8563,2.0
1607091471.8583,0.0
1607091471.8604,0.0
1607091471.8623,16.0
1607091471.8644,40.0
1607091471.8664,43.0
1607091471.8683,33.0
1607091471.8704,24.0
1607091471.8723,14.0
1607091471.8743,7.0
1607091471.8763,2.0
1607091471.8784,2.0
1607091471.8804,2.0
1607091471.8809,0.0
1607091471.8823,0.0
1607091471.8843,7.0
1607091471.8863,2.0
1607091471.8885,-16.0
1607091471.8904,12.0
1607091471.8923,194.0
1607091471.8943,536.0
1607091471.8965,815.0
1607091471.8984,654.0
1607091471.9004,55.0
1607091471.9023,-269.0
1607091471.9043,-74.0
1607091471.9062,19.0
1607091471.9083,-105.0
1607091471.9104,-88.0
1607091471.9109,-31.0
1607091471.9123,-62.0
1607091471.9143,-69.0
1607091471.9163,-40.0
1607091471.9184,-40.0
1607091471.9204,-43.0
1607091471.9223,-31.0
1607091471.9243,-26.0
1607091471.9263,-31.0
1607091471.9283,-26.0
1607091471.9303,-16.0
1607091471.9323,-9.0
1607091471.9343,-7.0
1607091471.9363,-4.0
1607091471.9383,-2.0
1607091471.9403,4.0
1607091471.9409,9.0
1607091471.9423,19.0
1607091471.9443,28.0
1607091471.9463,33.0
1607091471.9483,40.0
1607091471.9504,55.0
1607091471.9523,72.0
1607091472.4173,84.0
1607091472.4182,98.0
1607091472.4207,117.0
1607091472.4233,132.0
1607091472.4254,132.0
1607091472.4274,129.0
1607091472.4294,129.0
1607091472.4301,120.0
1607091472.4313,93.0
1607091472.4333,62.0
1607091472.4353,31.0
1607091472.4373,-4.0
1607091472.4393,-40.0
1607091472.4413,-60.0
1607091472.4433,-69.0
1607091472.4453,-81.0
1607091472.4473,-86.0
1607091472.4493,-81.0
1607091472.4514,-79.0
1607091472.4533,-76.0
1607091472.4555,-74.0
1607091472.4574,-72.0
1607091472.4593,-69.0
1607091472.4599,-69.0
1607091472.4613,-64.0
1607091472.4633,-57.0
1607091472.4653,-50.0
1607091472.4673,-40.0
1607091472.4693,-36.0
1607091472.4713,-38.0
1607091472.4733,-31.0
1607091472.4753,-26.0
1607091472.4773,-31.0
1607091472.4793,-31.0
1607091472.4813,-21.0
1607091472.4833,-19.0
1607091472.4853,-19.0
1607091472.4873,-19.0
1607091472.4893,-19.0
1607091472.4899,-19.0
1607091472.4913,-21.0
1607091472.4933,-16.0
1607091472.4953,-12.0
1607091472.4973,-9.0
1607091472.4993,-7.0
1607091472.5013,2.0
1607091472.5033,-2.0
1607091472.5053,-9.0
1607091472.5073,-9.0
1607091472.5093,-2.0
1607091472.5113,0.0
1607091472.5133,0.0
1607091472.5153,2.0
1607091472.5174,4.0
1607091472.5193,2.0
1607091472.5199,0.0
1607091472.5213,2.0
1607091472.5233,7.0
1607091472.5253,7.0
1607091472.5273,4.0
1607091472.5293,4.0
1607091472.5313,12.0
1607091472.5333,16.0
1607091472.5353,14.0
1607091472.5373,9.0
1607091472.5393,12.0
1607091472.5413,16.0
1607091472.5433,9.0
1607091472.5452,7.0
1607091472.5473,14.0
1607091472.5493,14.0
1607091472.55,12.0
1607091472.5513,16.0
1607091473.0169,19.0
1607091473.0179,16.0
1607091473.0203,16.0
1607091473.0229,19.0
1607091473.0251,21.0
1607091473.027,19.0
1607091473.0291,19.0
1607091473.0311,21.0
1607091473.033,19.0
1607091473.035,14.0
1607091473.037,16.0
1607091473.039,36.0
1607091473.041,50.0
1607091473.0415,43.0
1607091473.0429,28.0
1607091473.0449,19.0
1607091473.0469,9.0
1607091473.0489,2.0
1607091473.051,2.0
1607091473.053,7.0
1607091473.055,7.0
1607091473.0569,4.0
1607091473.059,12.0
1607091473.061,16.0
1607091473.0629,2.0
1607091473.0649,-2.0
1607091473.0669,74.0
1607091473.0689,305.0
1607091473.071,615.0
1607091473.0715,752.0
1607091473.0729,459.0
1607091473.0749,-24.0
1607091473.0769,-137.0
1607091473.0789,12.0
1607091473.081,-21.0
1607091473.0829,-98.0
1607091473.0849,-52.0
1607091473.087,-38.0
1607091473.0889,-64.0
1607091473.0909,-52.0
1607091473.0929,-33.0
1607091473.0949,-36.0
1607091473.0969,-31.0
1607091473.0989,-21.0
1607091473.1009,-19.0
1607091473.1015,-19.0
1607091473.1029,-12.0
1607091473.1049,-4.0
1607091473.1069,2.0
1607091473.109,7.0
1607091473.111,12.0
1607091473.1129,16.0
1607091473.1148,24.0
1607091473.1169,31.0
1607091473.1189,38.0
1607091473.1209,43.0
1607091473.1229,48.0
1607091473.1249,57.0
1607091473.1269,67.0
1607091473.1289,81.0
1607091473.1309,96.0
1607091473.1315,110.0
1607091473.1329,122.0
1607091473.1349,137.0
1607091473.1369,146.0
1607091473.1389,151.0
1607091473.1409,146.0
1607091473.1429,132.0
1607091473.1449,101.0
1607091473.1469,67.0
1607091473.1488,33.0
1607091473.1509,2.0
1607091473.1529,-19.0
1607091473.5271,-33.0
1607091473.5278,-40.0
1607091473.5294,-45.0
1607091473.5319,-48.0
1607091473.5338,-48.0
1607091473.5359,-45.0
1607091473.5379,-45.0
1607091473.5399,-45.0
1607091473.5419,-38.0
1607091473.544,-31.0
1607091473.5459,-33.0
1607091473.5478,-38.0
1607091473.5499,-33.0
1607091473.5518,-28.0
1607091473.5538,-33.0
1607091473.5558,-40.0
1607091473.5578,-36.0
1607091473.5584,-28.0
1607091473.5599,-28.0
1607091473.5618,-28.0
1607091473.5638,-21.0
1607091473.5658,-21.0
1607091473.5678,-26.0
1607091473.5698,-24.0
1607091473.5719,-12.0
1607091473.5738,-9.0
1607091473.5758,-12.0
1607091473.578,-9.0
1607091473.5799,-4.0
1607091473.5818,-2.0
1607091473.5838,-4.0
1607091473.5858,-4.0
1607091473.5878,0.0
1607091473.5884,2.0
1607091473.5898,2.0
1607091473.5918,2.0
1607091473.5938,2.0
1607091473.5958,0.0
1607091473.5978,0.0
1607091473.5998,2.0
1607091473.6018,7.0
1607091473.6038,9.0
1607091473.6058,7.0
1607091473.6079,7.0
1607091473.6097,12.0
1607091473.6118,14.0
1607091473.6138,12.0
1607091473.6158,14.0
1607091473.6177,16.0
1607091473.6184,14.0
1607091473.6197,7.0
1607091473.6218,12.0
1607091473.6238,19.0
1607091473.6258,16.0
1607091473.6277,14.0
1607091473.6297,16.0
1607091473.6318,19.0
1607091473.6338,19.0
1607091473.6358,19.0
1607091473.6378,21.0
1607091473.6398,21.0
1607091473.6418,19.0
1607091473.6438,21.0
1607091473.6457,26.0
1607091473.6478,33.0
1607091473.6484,45.0
1607091473.6498,60.0
1607091473.6518,57.0
1607091473.6537,43.0
1607091473.6557,28.0
1607091473.6577,21.0
1607091473.6598,21.0
1607091473.6618,21.0
1607091474.0671,16.0
1607091474.0678,16.0
1607091474.0703,21.0
1607091474.0728,19.0
1607091474.0748,14.0
1607091474.077,9.0
1607091474.0775,12.0
1607091474.0789,81.0
1607091474.0809,290.0
1607091474.0829,598.0
1607091474.0849,740.0
1607091474.0869,399.0
1607091474.0888,-141.0
1607091474.0908,-214.0
1607091474.0928,9.0
1607091474.0948,0.0
1607091474.0968,-81.0
1607091474.0989,-45.0
1607091474.1009,-36.0
1607091474.1029,-52.0
1607091474.1048,-24.0
1607091474.1068,-9.0
1607091474.1081,-16.0
1607091474.1099,-14.0
1607091474.1118,-7.0
1607091474.1139,-2.0
1607091474.1158,-2.0
1607091474.1178,-7.0
1607091474.1198,-7.0
1607091474.1219,4.0
1607091474.1238,14.0
1607091474.1258,16.0
1607091474.1278,24.0
1607091474.1298,33.0
1607091474.1318,38.0
1607091474.1338,31.0
1607091474.1358,28.0
1607091474.1365,64.0
1607091474.1379,91.0
1607091474.1398,79.0
1607091474.1419,79.0
1607091474.1438,101.0
1607091474.1458,115.0
1607091474.1478,120.0
1607091474.1499,129.0
1607091474.1518,146.0
1607091474.1538,153.0
1607091474.1559,141.0
1607091474.1578,122.0
1607091474.1598,93.0
1607091474.1618,52.0
1607091474.1638,14.0
1607091474.1658,-9.0
1607091474.1664,-36.0
1607091474.1678,-57.0
1607091474.1698,-64.0
1607091474.172,-67.0
1607091474.1739,-67.0
1607091474.1758,-67.0
1607091474.1778,-64.0
1607091474.1798,-64.0
1607091474.1818,-64.0
1607091474.1838,-62.0
1607091474.1858,-48.0
1607091474.1878,-33.0
1607091474.1898,-31.0
1607091474.1918,-28.0
1607091474.1938,-26.0
1607091474.1958,-31.0
1607091474.1964,-38.0
1607091474.1978,-28.0
1607091474.1998,-4.0
1607091474.2018,-12.0
1607091474.6369,-33.0
1607091474.6378,-16.0
1607091474.6398,9.0
1607091474.6417,-2.0
1607091474.6437,-21.0
1607091474.6458,-24.0
1607091474.6478,-24.0
1607091474.6497,-21.0
1607091474.6518,-4.0
1607091474.6537,-2.0
1607091474.6543,-16.0
1607091474.6557,-21.0
1607091474.6577,-16.0
1607091474.6597,-16.0
1607091474.6617,-24.0
1607091474.6637,-12.0
1607091474.6657,2.0
1607091474.6677,-4.0
1607091474.6697,-21.0
1607091474.6718,-12.0
1607091474.6737,2.0
1607091474.6757,-4.0
1607091474.6777,-12.0
1607091474.6797,-4.0
1607091474.6817,-2.0
1607091474.6837,-4.0
1607091474.6843,-2.0
1607091474.6857,-7.0
1607091474.6877,-7.0
1607091474.6897,7.0
1607091474.6918,9.0
1607091474.6937,0.0
1607091474.6957,-4.0
1607091474.6976,-9.0
1607091474.6999,-9.0
1607091474.7017,2.0
1607091474.7037,26.0
1607091474.7057,33.0
1607091474.7077,16.0
1607091474.7097,12.0
1607091474.7117,16.0
1607091474.7136,0.0
1607091474.7143,-9.0
1607091474.7157,4.0
1607091474.7177,7.0
1607091474.7197,-4.0
1607091474.7217,-2.0
1607091474.7237,4.0
1607091474.7257,0.0
1607091474.7277,-19.0
1607091474.7297,-7.0
1607091474.7317,149.0
1607091474.7337,452.0
1607091474.7357,738.0
1607091474.7377,678.0
1607091474.7397,137.0
1607091474.7417,-283.0
1607091474.7437,-137.0
1607091474.7442,24.0
1607091474.7457,-88.0
1607091474.7477,-105.0
1607091474.7497,-14.0
1607091474.7517,-24.0
1607091474.7537,-48.0
1607091474.7556,-26.0
1607091474.7577,-21.0
1607091474.7597,-31.0
1607091474.7617,-24.0
1607091474.7637,-16.0
1607091474.7656,-12.0
1607091474.7677,4.0
1607091474.7697,7.0
1607091474.7717,7.0
